2022-01-19,36.7418327331543,41.576284408569336,36.7418327331543,40.60939407348633,129900
2022-01-20,39.59417210913897,46.76849882652944,39.59417210913897,43.51007843017578,153400
2022-01-21,41.57629716661241,48.29618779517413,41.527953372702335,43.51007843017578,329500
2022-01-24,43.43271445717741,43.51006745864418,40.49337048092854,41.38290786743164,110000
2022-01-25,41.09284187488488,43.43271486533149,39.96158188075842,40.510772705078125,23500
2022-01-26,43.519740306930075,43.568087783228755,40.85112411764166,41.78900909423828,90500
2022-01-27,45.695239180297094,47.977101139368,42.30145546211566,44.244903564453125,151600
2022-01-28,43.07496596225799,46.02398090212815,42.688212020861805,45.202125549316406,43600
2022-01-31,44.47695541381836,46.410736083984375,44.47695541381836,46.410736083984375,71300
2022-02-01,45.92729273426595,48.34451866764836,45.49219132857829,48.13180160522461,298800
2022-02-02,48.37835517745726,54.36824018743886,48.151135370738395,51.254852294921875,23860900
2022-02-03,50.46200815897895,54.6969891026737,48.63458591083779,51.844661712646484,8425500
2022-02-04,50.8584346509062,52.53115832442006,48.46054685029802,48.47988510131836,6757800
2022-02-07,48.34451908234629,48.38319558282675,44.47695755575859,44.544639587402344,9432500
2022-02-08,43.6357703683191,45.98531463603485,42.70755266236617,43.9935188293457,7277500
2022-02-09,43.26833945289454,45.878943911753495,42.427145953264464,45.74357986450195,4393100
2022-02-10,44.00317925497346,46.89418309331009,43.87748616211965,45.492191314697266,2450000
2022-02-11,45.21179473462195,47.29061062761563,44.53497438657216,46.49776077270508,3456800
2022-02-14,46.59444678674557,47.377629334173186,45.434181263970935,46.51709747314453,2155000
2022-02-15,46.120669721138256,46.84583747245051,45.63722455359675,46.410736083984375,2359800
2022-02-16,46.14001339539923,46.86518123197372,45.3955073072421,45.637229919433594,5855300
2022-02-17,44.78635051792483,45.52118908208382,43.69376363848465,43.79045486450195,3142600
2022-02-18,43.65510425250941,44.38027207272788,43.316690390037564,43.906494140625,2018700
2022-02-22,43.90649568950288,44.16755655659822,42.05006777468414,42.098411560058594,2611100
2022-02-23,42.24344768612422,42.53351780791318,40.78344454794998,41.66331481933594,2791200
2022-02-24,41.85829314049145,43.255184971481064,40.956132676570085,42.99326705932617,2447900
2022-02-25,42.97386371851862,43.58500549075269,42.43062987697989,42.59553909301758,2040700
2022-02-28,42.003795655284286,45.2244097710842,41.18894125848535,44.60356903076172,5534900
2022-03-01,44.254348055507855,46.61160543819224,43.99243015737593,46.35939025878906,4212900
2022-03-02,46.56310331567076,48.79425127611272,45.913161774797615,47.97939682006836,3517100
2022-03-03,48.32862779878884,48.82336291660198,46.123671673949175,48.0376091003418,2072200
2022-03-04,47.69808439014014,49.51210822861564,46.80562655131022,49.473304748535156,2544600
2022-03-07,49.53150536276136,51.00600416417548,48.377125990984744,50.103843688964844,2726900
2022-03-08,49.64790729587851,53.6639742102328,49.32778419666047,50.753780364990234,3873700
2022-03-09,50.870195301967236,52.07307724724336,49.075576954304864,49.793426513671875,3050600
2022-03-10,49.056169613342114,50.094138504627146,47.79508629407556,49.78371810913086,2692700
2022-03-11,49.880720155994105,50.28814921389108,46.84442061016753,47.84358596801758,3034100
2022-03-14,50.30754801879948,50.30754801879948,47.135436504832285,49.42478942871094,2916600
2022-03-15,49.80311445669716,50.04563059571487,48.40622282813609,49.75461196899414,2117400
2022-03-16,50.16203634220435,50.831383241350274,48.842747979223894,50.22024154663086,2989800
2022-03-17,50.326957140490464,51.132108908723254,49.38599320726973,49.463600158691406,2244600
2022-03-18,49.13377485028198,49.87102233876874,47.41676001599374,47.54286575317383,9663900
2022-03-21,47.44586066529006,47.95029471439889,47.145139299330125,47.74658203125,2452000
2022-03-22,48.84275221731021,50.49186281412914,48.51293009794643,49.60910415649414,3841900
2022-03-23,49.18228051054249,50.22024943253721,49.18228051054249,49.463600158691406,2396200
2022-03-24,49.647908285046974,51.00600025341949,49.247269637170895,50.841087341308594,2335200
2022-03-25,50.676177568584926,52.20887774971728,50.472461185232675,52.189476013183594,2441200
2022-03-28,52.75211960671642,55.148176907757886,52.43199647835482,55.08027267456055,3127000
2022-03-29,55.293686984359,55.67201161901359,52.99463471957125,54.64374542236328,2201300
2022-03-30,54.48852928799942,56.06003667595189,54.03260142157138,55.778717041015625,1934100
2022-03-31,56.59356667362774,57.31141607745654,54.11020006366902,54.566131591796875,3817600
2022-04-01,54.6728425974067,56.55476662878729,54.0326000959677,56.28314971923828,2156500
2022-04-04,56.61297588665609,56.94279802919567,55.8078204179112,56.63237762451172,1885100
2022-04-05,56.89429688492644,58.514303179032574,56.70028320226919,57.23381805419922,2143100
2022-04-06,57.13681457705585,58.28149126451018,56.62267774931576,57.81585693359375,2559400
2022-04-07,57.97106728678056,59.24185342951485,57.573340891039805,59.08664321899414,3925800
2022-04-08,59.38736180797428,62.95720018136887,59.07694140163589,62.103538513183594,4762100
2022-04-11,62.2587517886317,62.72632515756931,58.601607481575535,58.863525390625,3487700
2022-04-12,59.17394711548273,61.31778922941471,59.05754038680629,60.01790237426758,2553000
2022-04-13,60.18280913290589,62.617673369829795,59.901489508631315,62.27814483642578,3405700
2022-04-14,62.20055246866622,62.78258982007101,60.31959407666468,60.677547454833984,1860100
2022-04-18,60.425336031652805,62.24905515360979,60.425336031652805,61.41480255126953,1216800
2022-04-19,61.72522273861791,64.88763228044314,60.99767415655194,64.71302032470703,2078800
2022-04-20,65.78979081999044,66.62404709416751,63.117265107404094,63.45193862915039,2182800
2022-04-21,63.05420546798856,64.31529253775085,60.2895225545934,60.79395294189453,2493700
2022-04-22,60.629042384506576,62.526490138341124,60.42532969021537,60.56113815307617,2030500
2022-04-25,60.49322789639311,60.95885845146797,57.66063739405933,60.405921936035156,2261600
2022-04-26,59.9499984867789,60.35742759025237,58.116576772406304,58.15538024902344,2136500
2022-04-27,58.21358033504695,59.35825696364272,57.941963406398166,58.29118728637695,1991600
2022-04-28,58.417295950995005,59.513466370102115,57.039802187329485,59.474666595458984,3354600
2022-04-29,59.65897166429169,60.00819550513871,57.379321381710895,57.437522888183594,2578400
2022-05-02,57.52482942558119,58.19417636075489,55.19667663074563,56.457759857177734,2488200
2022-05-03,56.700283781688455,58.64041322708068,56.700283781688455,57.912864685058594,2224200
2022-05-04,58.32028237592534,60.43017212852678,58.05157406883526,59.959693908691406,2628900
2022-05-05,59.387362635541734,60.13431290510952,57.398727022814285,58.359092712402344,1946800
2022-05-06,58.45609470544766,59.39705860855417,56.94279620618705,58.465797424316406,2861000
2022-05-09,58.756817915359264,58.756817915359264,54.876559159447126,55.89512634277344,2193700
2022-05-10,56.506266362436094,58.077770073199055,55.03661899676394,55.332489013671875,2156200
2022-05-11,55.40039938254821,57.262921957168025,54.837760041983834,55.65261459350586,1877000
2022-05-12,55.73138453809681,56.25650729773164,51.617901281503954,51.99715805053711,3785600
2022-05-13,53.02796050025673,54.36119820408681,52.15275338220741,53.10575866699219,2317500
2022-05-16,52.92098688456098,55.556342134645014,52.843192431843455,55.03121566772461,1631900
2022-05-17,55.28405163780501,57.8416086960229,54.438017035059204,57.68601608276367,2215100
2022-05-18,57.78325026884991,58.595252675190736,55.3618404040766,55.70219802856445,4609100
2022-05-19,55.556331921790985,55.925861996104956,53.407204452529854,55.6535758972168,2181100
2022-05-20,55.925873279503655,57.31648392445246,53.96151787031812,55.08956527709961,2266200
2022-05-23,55.91614624579187,56.00366731873532,54.32132110292941,55.04093551635742,1581800
2022-05-24,54.992316378340846,55.78000607573907,53.553083767120555,55.215980529785156,1682300
2022-05-25,55.313223645014574,57.70546128514787,55.313223645014574,57.54014205932617,1974700
2022-05-26,57.549878762605566,61.30647086804499,57.540152136643044,60.7492561340332,3260100
2022-05-27,60.68116621519527,64.80437148493822,60.292182906146415,64.76547241210938,2793800
2022-05-31,63.73468377148673,64.56126880654308,59.67954562621144,60.369991302490234,7389300
2022-06-01,60.66173332474444,62.159310943401834,60.43806915903341,61.896751403808594,2008600
2022-06-02,61.935639418787595,62.353798952329825,60.27274274763048,61.993988037109375,1758500
2022-06-03,61.51747458693099,64.00695962648926,61.38133154040245,63.37486267089844,1793500
2022-06-06,63.763836446367286,65.09610168154657,63.583934751628064,64.56124877929688,2033200
2022-06-07,63.71521590836861,64.86271252113244,63.36611103255968,64.71685028076172,2721700
2022-06-08,64.60989055528536,64.63906300826461,61.39106426678876,62.98588562011719,1922200
2022-06-09,62.489938341217496,62.68442630493699,59.47532667850372,59.523948669433594,1811000
2022-06-10,58.2014151316177,59.37808819495121,57.57904468699661,58.143070220947266,1540800
2022-06-13,56.664939537543916,57.365108154629695,53.6795037091439,53.95178985595703,2113200
2022-06-14,54.48664057801354,54.924245974485075,51.851288993159194,52.94043731689453,2330400
2022-06-15,54.16572245609161,57.91453452813858,54.14627291875978,56.596858978271484,3891700
2022-06-16,54.77837076111714,56.742725837510925,54.53525710507019,56.65520477294922,4837000
2022-06-17,56.93722390225526,57.8610566409679,53.95665147965867,56.49961853027344,6478700
2022-06-21,56.49962037592091,59.261392057554346,56.49962037592091,58.716819763183594,4363600
2022-06-22,57.64710823874814,58.76543252690956,57.24354239389402,57.579036712646484,3233400
2022-06-23,58.2305923343158,59.543404782483115,56.198161728218054,57.03447341918945,2667600
2022-06-24,57.21923506475748,58.67791712414835,56.38292342383413,57.64711380004883,6473700
2022-06-27,57.491520862497055,58.22183380848417,56.81080183013265,57.78325653076172,1718900
2022-06-28,58.19168985692566,59.232216097390975,56.23705752668923,56.48017120361328,1401700
2022-06-29,56.363477652901416,56.55310603653077,54.768652421546555,55.73138427734375,1412200
2022-06-30,55.33267014979984,57.213395571690356,54.992308802181014,55.6827507019043,2424400
2022-07-01,55.15763211696264,56.48989402562334,55.06038442058064,56.013389587402344,1531900
2022-07-05,55.5757862863132,55.789723792757336,51.433127284017736,53.426658630371094,2696000
2022-07-06,53.61142712862951,55.643857542350176,53.05712826212571,55.19652557373047,1716600
2022-07-07,55.984215179220186,58.25003634596009,55.984215179220186,57.48179626464844,1872100
2022-07-08,57.31647802712096,58.16251627737309,55.838346454869004,58.00692367553711,2096000
2022-07-11,58.006931087958066,58.483431869011596,56.80108548742493,58.19169616699219,1774700
2022-07-12,57.77353381217844,59.42670755078585,57.297029375019136,57.59849166870117,1808400
2022-07-13,56.54823618835941,58.619561804975824,56.54823618835941,58.17223358154297,1577200
2022-07-14,56.68438058178724,57.345650018893174,55.51743429809323,56.32456970214844,2608600
2022-07-15,53.44611199005139,55.08567149431863,51.19001727440408,54.1268310546875,5186100
2022-07-18,54.778378885530664,55.10900994555662,53.086305956252566,53.30024719238281,2583100
2022-07-19,53.912890815415516,53.971239436756484,52.67787281918572,53.48501205444336,2326200
2022-07-20,53.640603255310054,53.820508717489936,51.89990838217639,52.58062744140625,2803600
2022-07-21,52.376412363627125,53.344003781510416,51.84156300392572,52.668148040771484,1816800
2022-07-22,53.280794277404006,54.06848021577753,51.948528658123294,52.51255416870117,1503100
2022-07-25,52.49310835131824,53.54336128977588,51.899910344554634,53.44611358642578,1847700
2022-07-26,53.87399700188827,55.1090113242075,53.378042980201066,53.97124099731445,1993500
2022-07-27,53.51418460413898,54.224076138406446,52.6875995366055,54.00041198730469,1557200
2022-07-28,60.85622693813155,64.12367586227565,60.47696642653337,62.810855865478516,8460600
2022-07-29,62.09122812872991,64.7654784252779,61.88701354184779,64.27925109863281,3895200
2022-08-01,64.23062647087993,64.76547202579727,62.36350808243031,63.501285552978516,2735200
2022-08-02,63.50130152918942,64.95025710657404,63.19983549552853,64.02642059326172,1722900
2022-08-03,64.79467473413786,65.52401599263702,63.734702333022355,65.3198013305664,2286700
2022-08-04,63.70552255398858,66.48674416055006,63.70552255398858,65.601806640625,2425900
2022-08-05,67.83844936936337,73.88711945202813,67.82872274391214,72.2533950805664,4216800
2022-08-08,74.88872758144082,75.49164465902695,72.90491939301145,73.79957580566406,3183600
2022-08-09,73.66344216773948,74.6553426789977,72.95354698535355,73.63426971435547,2945700
2022-08-10,73.95518600440302,75.07350302091318,73.42033292927486,74.99571228027344,2134600
2022-08-11,74.99573319100188,77.85474588099213,74.56785061159475,76.65863037109375,2540200
2022-08-12,77.59481596022678,79.57243527800982,77.00055501623325,79.39707946777344,2170800
2022-08-15,78.17932822051131,80.30307849314872,78.17932822051131,79.10481262207031,1980100
2022-08-16,79.00738997200177,79.99133120691042,78.8125535086198,79.29965209960938,1878800
2022-08-17,78.3449397378854,79.3483616992312,77.05899968690731,77.64351654052734,2502200
2022-08-18,77.37073391703724,80.02541959729952,77.37073391703724,79.4944839477539,1939600
2022-08-19,78.23777366525124,79.18274612531164,77.78964385138919,78.75409698486328,1704000
2022-08-22,78.66642594722069,78.66642594722069,77.46816008972162,77.59481048583984,1724600
2022-08-23,78.19880952127569,78.8028144883897,77.54609915147299,77.69223022460938,1065800
2022-08-24,77.60455498875643,78.72975160135118,77.26358001187982,78.29623413085938,1430200
2022-08-25,77.94551790113084,80.69275363198169,77.70683691800801,80.60507202148438,1551700
2022-08-26,80.60506686471638,81.08242880042248,78.52028564225279,78.74435424804688,1641000
2022-08-29,77.59480841196269,79.87442629074356,77.10770981230509,78.90997314453125,1191200
2022-08-30,79.47502145613815,79.47502145613815,76.94210983712858,77.6337890625,1802800
2022-08-31,78.18907967146677,80.26411730559018,77.5168811363478,79.48475646972656,3016500
2022-09-01,79.48474340635111,80.79991552978844,79.06584575915008,80.3907470703125,2421100
2022-09-02,80.44920448807906,81.53056394683466,78.87100238900842,78.97816467285156,2232200
2022-09-06,79.59190334885675,80.56610048865932,78.98790587900112,80.13745880126953,2013300
2022-09-07,80.46870125599777,82.28070895836167,79.57633610853223,80.7609634399414,1759100
2022-09-08,80.73172385607293,83.7322455542213,80.73172385607293,83.57637786865234,2184400
2022-09-09,84.26805765000879,85.54425360132612,83.23053525544438,85.25199890136719,1905300
2022-09-12,86.27490793140029,86.37233360451732,85.20329241993093,85.85600280761719,1733800
2022-09-13,84.6577402833396,85.75858047115314,83.55689266299109,84.15115356445312,1974200
2022-09-14,84.15116101443586,86.24568671874594,84.03426209398593,85.778076171875,3600300
2022-09-15,85.6124375719794,85.98263722290812,84.08294843836501,84.56031036376953,3631800
2022-09-16,84.37523432717249,84.61878366827794,82.70253465782676,83.36206817626953,6245600
2022-09-19,83.19646220221213,87.38550670144348,83.05033110086458,87.05428314208984,4407400
2022-09-20,86.1287907703708,87.85311679932968,85.30071708175255,85.4858169555664,4626000
2022-09-21,86.49896331870895,87.76541511726757,84.97921818742492,85.02792358398438,2155100
2022-09-22,85.72935557527987,85.72935557527987,82.44630825992304,83.17695617675781,1863300
2022-09-23,81.62311412232229,82.16378642085239,80.03516796543842,81.68643188476562,2678800
2022-09-26,81.5110738890773,82.75804505389705,79.54319891319633,80.78042602539062,1973300
2022-09-27,81.53055547634291,83.21104394196821,80.93629466678337,81.80332946777344,1777800
2022-09-28,81.93974007078059,83.32309853017932,81.03373623391376,82.82625579833984,1564300
2022-09-29,82.8554773805025,83.98554230232958,79.95236636492764,80.8973388671875,1823700
2022-09-30,81.13115411331042,82.27096322892476,80.09850730079171,81.0434799194336,3267800
2022-10-03,82.83599045678764,84.6674860320797,81.70592551882044,84.3557357788086,2026700
2022-10-04,86.02163884883065,87.15657235118044,84.9110543369961,87.03479766845703,1679100
2022-10-05,85.41761916122857,87.16143321196529,83.3815429488465,85.89497375488281,1766700
2022-10-06,85.95343064056551,87.58910129939554,83.73225456379842,84.05374145507812,1677300
2022-10-07,83.49844153902941,83.5374103191291,81.21882364720867,82.2125015258789,2017200
2022-10-10,82.7580654492894,83.42051997292596,81.76438738010272,82.53400421142578,982800
2022-10-11,82.23199846380237,83.11851415054277,80.41999087350109,80.74147033691406,1534200
2022-10-12,80.96553879004684,81.43314933524854,79.57243634355174,80.04005432128906,1878400
2022-10-13,78.48131892859843,82.14430224250788,77.25383588818063,81.6572036743164,2746500
2022-10-14,82.03716371307635,82.57297526622085,78.62747274861331,79.16328430175781,1693300
2022-10-17,81.07269727153539,84.06348256631225,80.99475970682587,82.99186706542969,1678900
2022-10-18,84.26805746060138,85.14483642357702,82.32940712151924,84.27780151367188,1598900
2022-10-19,82.89444903202163,84.00504085013553,82.37812562517838,83.47897338867188,1325800
2022-10-20,84.14141477779484,84.49212636413954,82.00792053295369,82.37811279296875,2076500
2022-10-21,82.51449322644989,85.20327936317362,81.50133476061667,85.02792358398438,1749200
2022-10-24,85.30850668110374,85.44684102753223,83.36205947976138,85.32019805908203,1325000
2022-10-25,85.2422585880886,86.2749052851445,84.51161065733356,85.87548828125,1647200
2022-10-26,87.36602168573097,87.36602168573097,85.07665932006593,86.48924255371094,1370100
2022-10-27,87.48779141991386,90.73673861991884,87.48779141991386,90.63932037353516,3345800
2022-10-28,90.49317584989592,92.7942291233999,89.45078516005537,91.33098602294922,1958000
2022-10-31,91.71093603663455,92.95790742962538,90.965675673909,92.10061645507812,2276600
2022-11-01,92.7825390840359,93.75673628232597,91.5794049495449,93.05531311035156,1467400
2022-11-02,92.23698077804913,93.80543868754415,90.58084869807082,90.68800354003906,1966100
2022-11-03,89.78202463221204,92.98712713349191,89.78202463221204,91.97396850585938,1484400
2022-11-04,92.63640479135906,93.72750829115449,90.35191868426426,91.88627624511719,1974300
2022-11-07,92.607185782531,92.607185782531,90.56137309758861,91.08744049072266,2120300
2022-11-08,87.24911006782918,90.70264523444294,83.85890753830157,85.28123474121094,4345400
2022-11-09,84.75514001533216,87.59979350560197,84.10242980132094,85.09610748291016,2241500
2022-11-10,88.1648525403382,93.36706237123404,85.92419585635416,92.68512725830078,4885600
2022-11-11,92.8312574567707,93.39629364930643,89.24134294525088,89.92814636230469,3133200
2022-11-14,89.76326293743718,92.41713451096027,89.76326293743718,91.63658142089844,1997000
2022-11-15,92.21223795057504,92.4464008922883,90.39745840350949,91.22679138183594,2537200
2022-11-16,92.01708226470116,92.22197573868759,89.0607504424754,89.4510269165039,1384600
2022-11-17,88.2314306079629,89.23638765225274,86.70936032293407,87.86067199707031,1792500
2022-11-18,87.92896018072693,91.16824238300467,87.83724382874004,91.03164672851562,2515700
2022-11-21,91.78293658617974,91.92929122190036,90.50478815162548,91.11946868896484,1744800
2022-11-22,92.26101843208353,94.01725911549863,91.80244406230817,93.929443359375,1567600
2022-11-23,93.69529069095039,95.51007044818815,92.11955710525162,94.27095031738281,1135900
2022-11-25,94.25140811169197,95.0807409723976,93.66599711848238,94.79779815673828,631700
2022-11-28,93.73430464193285,94.24165890350048,92.08539026500361,92.50493621826172,1590100
2022-11-29,92.38785901584583,92.79764601150511,91.0511643560177,92.1341781616211,1436200
2022-11-30,91.85123155881276,94.5831598607017,91.48047294460306,93.78309631347656,3361800
2022-12-01,94.64169861800308,95.40273376638066,91.59755058058701,92.17321014404297,1748600
2022-12-02,90.72920757294109,91.21705147904515,88.82661931669811,89.80230712890625,1848700
2022-12-05,88.79732233436404,89.38273335135212,87.61674134099836,87.87041473388672,2397000
2022-12-06,87.67528336888057,88.67048138923148,87.61674449824382,88.57291412353516,1237500
2022-12-07,88.67050520874004,90.93410062292729,88.38755485147823,89.7340087890625,1237200
2022-12-08,90.08523761419266,90.72431179917896,88.71927348966241,89.18760681152344,1002400
2022-12-09,89.13881565497782,89.62665943266754,87.50941922403143,87.53868865966797,1384600
2022-12-12,87.79236601106402,88.70950721472985,86.90448679796374,88.67047882080078,1554100
2022-12-13,89.74373741056093,90.45598510019052,88.19239045128695,88.6314468383789,1629900
2022-12-14,89.31443925519183,90.04620491797796,87.69479434848401,88.6412124633789,2561600
2022-12-15,88.60218647430483,88.64121487064862,87.2557402980182,87.51917266845703,2245100
2022-12-16,86.00684601174903,86.44590236527456,83.8408187873609,86.05562591552734,3911700
2022-12-19,86.231267400837,86.51421769808154,84.88482119275791,85.59707641601562,1238100
2022-12-20,85.86049534951968,85.97758052298373,85.00676883326025,85.43119049072266,1306600
2022-12-21,85.85074541423958,87.97774457035246,84.60186654164217,87.47039031982422,1409500
2022-12-22,86.96303563280564,87.20208178155139,84.42624928794169,85.20680236816406,1548300
2022-12-23,85.39216683418064,86.08491151070524,85.0116493042051,85.89952850341797,600700
2022-12-27,86.28981515545317,86.74838952607442,85.14825498717477,85.50926208496094,634400
2022-12-28,85.81172852677156,86.1922461266734,84.31892756655573,84.50431060791016,752000
2022-12-29,85.04094068820355,85.55805396104981,84.1823307765438,84.66041564941406,870800
2022-12-30,84.49453884351226,84.49453884351226,83.05052546369504,84.11402130126953,1343300
2023-01-03,83.90914603318073,84.02623124233578,78.82581377723011,79.91858673095703,4030600
2023-01-04,79.95760007368304,81.70408186337312,79.31365009443704,81.38211059570312,2612200
2023-01-05,80.90402851107257,81.87971628600758,79.89419553484647,80.40643310546875,1906300
2023-01-06,81.58700249304586,83.08956234006233,81.06013027833312,81.46991729736328,1914100
2023-01-09,81.81140141790924,83.13833711125231,81.54796904880537,81.95775604248047,1301500
2023-01-10,81.37235465003018,81.46016296885578,79.59660335601818,81.06013488769531,1376700
2023-01-11,80.98207251036014,82.32364298869442,80.43568982487021,82.0650863647461,1696200
2023-01-12,81.8406743371711,82.73831259892214,80.75766049071866,82.28948974609375,1496700
2023-01-13,81.77237721758074,83.62130942985371,81.4211290781491,83.08956146240234,1366200
2023-01-17,81.8894612920776,82.9529572124356,80.98207151827324,81.34307861328125,2763600
2023-01-18,81.2943009032885,82.45537167743225,79.78198195283076,79.86003875732422,2084900
2023-01-19,79.61612043053428,79.80150348862212,78.79166307502607,78.87459564208984,1635500
2023-01-20,79.14777345529053,81.07963055563201,78.49405716651776,80.98206329345703,1795100
2023-01-23,80.9137641191199,82.24069970555301,80.55080676371992,82.09434509277344,1596200
2023-01-24,81.95775765094308,82.18216907221054,80.96255958335722,81.86994934082031,1176000
2023-01-25,81.39184781559544,81.52844346731752,80.48445816121034,81.3723373413086,1535200
2023-01-26,81.59674113750175,83.97742096680977,81.25525200884806,83.79203796386719,2161100
2023-01-27,83.7920508151315,84.5530934178733,82.77733478871498,84.47503662109375,1455100
2023-01-30,83.83107693297991,84.73846670011638,80.25030522207047,80.39665985107422,3045800
2023-01-31,80.86498242875295,83.42128652005049,80.37713864793395,83.2846908569336,2509000
2023-02-01,83.37738499007897,83.78229623416935,80.8601092153006,83.33348083496094,2623400
2023-02-02,83.40177912795001,84.57260126764511,81.71871206676808,83.25542449951172,2389600
2023-02-03,82.32851191187021,83.08955444564067,81.03085314156655,81.17720031738281,1807200
2023-02-06,80.99183400761855,81.81140806152345,80.50399018203534,81.23575592041016,1502000
2023-02-07,81.30404930595421,84.17256578144492,80.3283617082173,83.84083557128906,2032900
2023-02-08,82.68952524068688,82.93344714405173,82.09435520096416,82.28948974609375,2005900
2023-02-09,82.86514117043532,83.38225436375669,81.88945365280105,82.36753845214844,1975000
2023-02-10,82.16263887467693,84.88480774030704,82.12361048359676,84.69942474365234,1350300
2023-02-13,84.77749375640408,85.1775292397594,83.85059352721845,84.2896499633789,1173500
2023-02-14,83.83107096700229,85.4721766217404,83.0797948426438,83.96766662597656,2383100
2023-02-15,82.44559406246665,84.38233435281924,82.30899840746135,83.91888427734375,2030600
2023-02-16,82.93345328788782,85.78245954371069,82.86027968901985,83.54813385009766,3037600
2023-02-17,83.12857571366158,83.94815712088463,79.90881128703477,82.494384765625,3570700
2023-02-21,79.62585842582735,80.99182243099654,77.95743367407893,78.41600799560547,5056000
2023-02-22,77.38178363462379,77.38178363462379,74.54253649916912,75.90850067138672,3341000
2023-02-23,76.10362820945953,77.51349640866061,76.10362820945953,77.2939682006836,1584900
2023-02-24,76.11113653944864,77.75614782326899,75.8663432381093,77.61905670166016,1529100
2023-02-27,77.76593563008176,78.43177372098987,76.37061826866692,76.73780822753906,1326200
2023-02-28,76.18944443605504,76.36569586491977,72.85046857930793,73.33026123046875,3584800
2023-03-01,72.58607919521641,73.81983905269907,71.31315899857188,72.80149841308594,2594400
2023-03-02,72.58609884426126,75.1319548677048,72.45880903128823,74.5934066772461,1949900
2023-03-03,74.64237211828741,77.55051008324817,74.41715900795464,77.33509826660156,2304600
2023-03-06,76.72802060911503,77.23718743957826,75.73905348149476,77.15885925292969,2295000
2023-03-07,77.42321090935788,77.42321090935788,75.7096581129204,76.27758026123047,2203900
2023-03-08,76.13071851560342,76.81613678735143,75.49425442298092,76.44405364990234,1261600
2023-03-09,76.41467199329779,78.51989571776905,75.78800178747818,77.0021743774414,3110500
2023-03-10,77.54073432640713,78.11844297496766,75.63134195075106,75.93489074707031,2895700
2023-03-13,75.32778979600323,76.96790779015313,74.89695122477619,75.49424743652344,2242400
2023-03-14,75.88591632180362,77.45259180983157,75.56278740132028,76.30696105957031,2142800
2023-03-15,75.68028408679162,76.25799258637528,74.75985905166121,75.71945190429688,1957000
2023-03-16,75.02425345959038,77.39385081655207,74.4465373854972,76.79655456542969,1962900
2023-03-17,76.10134639165801,76.82593250688328,74.40248020066096,75.17112731933594,3896500
2023-03-20,75.45508742029476,76.79655744734465,75.30821741081762,75.3963394165039,1629500
2023-03-21,75.96425924651045,76.48321985131318,74.38778978446888,74.92633056640625,2045700
2023-03-22,74.68152478991232,74.74028025249929,72.85047597847974,72.87005615234375,1863400
2023-03-23,73.11484616749098,73.56526485134188,71.25441597210886,71.87129974365234,1655400
2023-03-24,71.04880709149757,71.98881249469005,69.67797054757031,71.91048431396484,2777200
2023-03-27,71.9104882604684,73.85414782395486,71.9104882604684,73.7023696899414,3225500
2023-03-28,73.50653170245273,75.21029097586849,73.29502694482247,73.93737030029297,1752200
2023-03-29,74.70111665623757,74.96549010607968,73.85413401692169,74.29965209960938,2299500
2023-03-30,75.0927877005683,75.82716752821865,74.41715586857062,75.22007751464844,1737800
2023-03-31,75.22009321909093,76.96302051198963,75.13197120721378,76.86510467529297,2984400
2023-04-03,76.3755179489416,76.91406625601213,74.88717780926405,75.02426147460938,1894900
2023-04-04,75.07319338600963,75.3669482791737,73.55547969265467,74.43672943115234,1316200
2023-04-05,74.29967100390924,75.51385133495795,74.10383932238516,74.9067611694336,1204800
2023-04-06,75.01446097212461,75.37675775285726,74.5738360113812,75.35717010498047,1223000
2023-04-10,74.93611049518624,75.75861972180215,74.28006636059204,75.71945190429688,1485500
2023-04-11,76.14050177668933,76.18945594902345,75.56768641394517,75.80757904052734,1371500
2023-04-12,76.30696564422362,76.32654582065751,75.06341900196459,75.21028900146484,1171100
2023-04-13,75.09279181551041,75.97404168058334,74.5836175902922,75.53341674804688,1324700
2023-04-14,74.7304937870767,75.03893571690574,73.92757211065506,74.83820343017578,1328400
2023-04-17,74.98508521247852,75.22497786460295,73.1050744673262,73.47715759277344,1093300
2023-04-18,73.77089976495847,74.36819596976565,72.62526899986855,72.92881774902344,1235200
2023-04-19,73.40861846422808,73.82966325318606,72.95134175556593,73.19319915771484,1039300
2023-04-20,73.18339988785236,74.97528856360114,73.13444571215057,74.87737274169922,1926900
2023-04-21,75.22008484143234,75.36206166825487,74.37799529273,74.9557113647461,1178900
2023-04-24,74.83818566477464,75.72433595132419,74.02547035813389,75.6802749633789,1094300
2023-04-25,75.0438282020401,75.53341476780001,74.26048670862498,75.32778930664062,1722400
2023-04-26,74.91653141421969,75.36695011635287,73.88839673358045,74.28006744384766,3100600
2023-04-27,74.68152866160484,75.63132775894515,74.39757503811967,75.15153503417969,1865700
2023-04-28,75.29842302760214,75.85655147096809,74.71092058255886,75.78800964355469,2233400
2023-05-01,75.90550236506955,76.03279966082708,75.16133611978844,75.44529724121094,1788300
2023-05-02,75.13197159626988,75.78801592308409,74.36821013688223,75.19071960449219,2554000
2023-05-03,75.59215876892091,75.98382949492265,74.56403151747635,74.91653442382812,1607000
2023-05-04,75.37675460738325,78.69615108659494,73.3498664256478,76.95321655273438,3830400
2023-05-05,77.472175773078,78.77447027499069,76.64966651189866,77.83446502685547,2359300
2023-05-08,78.07924853712136,78.18695815870359,76.45382533319288,77.0707015991211,2360100
2023-05-09,76.35593332039564,77.45260257925294,76.18946819031991,77.30572509765625,3158300
2023-05-10,78.1869638409592,78.45134473878288,77.10498184165445,77.8001937866211,1629400
2023-05-11,77.2174854511202,78.17066760181865,76.88337688933102,77.74812316894531,2497400
2023-05-12,78.07239591979928,78.99609945145397,77.49262965859934,78.46546173095703,1991000
2023-05-15,79.23193995578379,79.68396303754209,77.80708475235235,78.87818145751953,2048300
2023-05-16,78.79956425453501,78.79956425453501,76.97181474528706,77.63019561767578,3709100
2023-05-17,77.71864684224946,79.23194552517366,77.34523839988154,78.99610900878906,2329500
2023-05-18,78.87818250533178,80.05738001424608,78.18245844911775,79.98859405517578,2849300
2023-05-19,80.31286949064697,81.79177127742005,80.11633283481056,80.87298583984375,2444800
2023-05-22,81.29552569259394,82.50419419510224,80.8828024871728,82.08164978027344,1908300
2023-05-23,81.9146074131519,83.09379741066292,81.72298885112868,82.58281707763672,2232200
2023-05-24,82.58282428305644,82.90710418465316,81.11866161735763,81.865478515625,2430300
2023-05-25,81.75737226078726,81.75737226078726,80.47991777061952,81.31517791748047,1863100
2023-05-26,81.51170672530083,82.49436748146893,80.88280444112178,82.39610290527344,2267100
2023-05-30,82.40594761184424,83.57039843491741,81.69351992471977,82.24871826171875,2198200
2023-05-31,82.08166202578991,83.08398032078014,81.02038647713233,82.56316375732422,5214700
2023-06-01,83.4033435170188,87.61601329563413,83.31981824054274,87.33889770507812,3646900
2023-06-02,87.1227157393975,87.50595287631859,85.75681024206216,86.02213287353516,3225600
2023-06-05,86.29727535682034,87.27010749698508,85.66837301397572,85.9926528930664,1819000
2023-06-06,85.62906763947626,88.33138503284238,85.62906763947626,87.99728393554688,2311500
2023-06-07,87.99728060463278,89.30421381487935,87.58455735692142,89.23542785644531,2452100
2023-06-08,89.90363982647236,90.86468652419828,89.48109535752002,90.69960021972656,3075700
2023-06-09,90.69958470291827,92.1440896199211,90.49321936052606,91.67241668701172,2530100
2023-06-12,91.38744750976562,92.38975815146851,91.26952552369796,92.12444305419922,1720700
2023-06-13,92.33079593778719,93.67704375878975,91.96720878980975,92.61576843261719,2429900
2023-06-14,92.89091731165044,93.3527690528172,91.16143233316636,91.58397674560547,2573200
2023-06-15,92.09496379582995,92.12444241786666,91.34813955010601,91.83946990966797,3712300
2023-06-16,91.9672174471834,92.881092259009,91.13195729590566,91.27935791015625,4963400
2023-06-20,91.51519112905297,91.74120639578625,90.29669392246873,90.39495849609375,1846900
2023-06-21,89.30421745383826,89.45653618674838,87.63860757371606,88.9308090209961,2684900
2023-06-22,88.93079476663712,89.112584599959,86.34148168170053,87.70246887207031,3205600
2023-06-23,88.08571876111172,89.12733687210579,87.57473841339032,88.7932357788086,2875900
2023-06-26,88.68515475347155,89.61867969940157,88.13486699562719,89.05856323242188,1890400
2023-06-27,89.39264885561653,89.43686678967937,88.41981682070148,89.27472686767578,1472800
2023-06-28,89.32387977624853,89.32387977624853,88.15451087388,88.97994995117188,1605400
2023-06-29,88.94062173748742,89.7611425193945,88.57703458083205,89.29438018798828,1738700
2023-06-30,90.45392344496922,90.68975992163027,89.46143400574044,89.96259307861328,2667100
2023-07-03,89.43196011503089,90.14929828948443,88.76375048154843,90.01172637939453,1089100
2023-07-05,89.83484904826591,91.5938127899353,89.76606309175848,90.54236602783203,2087300
2023-07-06,89.8839785144127,89.8839785144127,88.29206542680129,89.42212677001953,2263300
2023-07-07,89.42212671394056,90.11981493480314,89.08802566329076,89.74640655517578,1334000
2023-07-10,89.79552767561015,92.0065141424823,89.79552767561015,91.97703552246094,1539300
2023-07-11,92.21288912075022,92.79266291166309,91.24988570121705,92.723876953125,1260900
2023-07-12,93.29381108409868,94.49265836111336,92.44872226578033,94.3943862915039,1532600
2023-07-13,94.18802513563129,94.4042116858173,93.23484307186895,93.61808013916016,1462400
2023-07-14,93.24468990701594,93.87851037030157,93.0569998204512,93.352783203125,1259900
2023-07-17,92.83196481356016,95.23948071864841,92.83196481356016,94.51231384277344,1951400
2023-07-18,94.33542023707041,94.9741511443467,92.26200571334135,93.71634674072266,1925300
2023-07-19,93.18572032467162,93.88340855454547,92.30132415401938,93.08745574951172,1785300
2023-07-20,93.84410876718148,95.63255116840998,93.58861485354682,95.21000671386719,1600300
2023-07-21,95.88804447020986,96.44816083688036,94.64006103231311,94.92503356933594,5081100
2023-07-24,94.9250440754428,95.13140197051783,94.09961249514274,94.87591552734375,1077800
2023-07-25,94.28630150601285,96.45798848862313,94.2371729638889,95.8290786743164,854800
2023-07-26,94.99381785399657,96.53659501201737,94.99381785399657,95.6521987915039,1243000
2023-07-27,96.03544693259619,96.05509685061594,93.54930871653958,93.76549530029297,897900
2023-07-28,94.5909285988891,94.98399440954961,93.60826782079126,94.07994079589844,1135900
2023-07-31,94.1782065320404,95.01347420137712,93.74584088239479,94.97416687011719,1170200
2023-08-01,94.571269021279,95.40652916413114,94.40421849212989,94.63023376464844,1469600
2023-08-02,94.32560753372881,94.36000426013626,92.79265909388903,93.89324188232422,2040300
2023-08-03,94.30595253012488,101.77810114743345,94.09959467413086,99.38630676269531,3511000
2023-08-04,100.15278500103473,102.8894988747534,100.02504179846213,102.13776397705078,2723600
2023-08-07,102.76666000243051,102.8354459530169,100.99295710112496,101.9510498046875,1759800
2023-08-08,101.17476230012441,103.11060541403187,101.17476230012441,102.99268341064453,1207300
2023-08-09,102.80597390106097,104.06377850479946,102.4993797180633,103.2874755859375,1646700
2023-08-10,104.1325747049856,104.99731358085744,103.28748574799621,103.88690948486328,1563700
2023-08-11,103.88886707480611,105.14708145804613,103.4454825464803,104.99238586425781,1414100
2023-08-14,104.89386923024463,106.01709812305592,104.15785670113885,105.4259262084961,2404000
2023-08-15,104.82488834834969,105.01701938843972,104.06621918206437,104.67709350585938,1709600
2023-08-16,104.83474984628869,104.88400978540288,103.45534375939836,103.55387115478516,1835200
2023-08-17,103.92828659405883,104.58349716122642,103.03166999956258,103.27799224853516,1800600
2023-08-18,102.99226198362977,103.98740601724165,102.97255951041119,103.22872924804688,1669000
2023-08-21,103.06123032993095,104.88992952342241,102.74593814317298,104.54901885986328,1377000
2023-08-22,104.10563598386467,104.977611308331,103.95784113520924,104.69680786132812,1276900
2023-08-23,105.37665579542018,107.65267850253701,105.37665579542018,106.84474182128906,1393500
2023-08-24,107.29796708381576,108.62810564956247,105.26826675547619,105.34709167480469,1498700
2023-08-25,105.24855959150048,105.85944141332186,104.01694847124928,104.31253814697266,1383800
2023-08-28,104.741143285615,105.77076844560267,103.68196065954663,103.81990051269531,1088000
2023-08-29,103.68195907253154,104.60812556990217,103.25828452515756,103.98739624023438,1131500
2023-08-30,103.79033877149293,104.70468833889528,103.54401652358204,104.18445587158203,1167400
2023-08-31,104.39136917441374,104.52930903651796,102.24343879958691,102.6277084350586,2035500
2023-09-01,104.07607887337555,105.82989968378068,103.65240428433165,105.71166229248047,1338800
2023-09-05,104.98252783782557,105.15988012790251,103.60410672006152,104.48988342285156,1433200
2023-09-06,104.76576799307925,106.20428885003365,104.43076586630491,105.07120513916016,1337800
2023-09-07,106.27327100872006,109.3227416339644,105.60327419517449,106.94326782226562,1951100
2023-09-08,106.6378216511309,108.04678508802087,106.6378216511309,107.04178619384766,1428100
2023-09-11,107.19944970581855,108.77295641045184,107.05165484756287,108.36209106445312,1820700
2023-09-12,107.92854810923644,108.47538375500203,106.55899712563576,106.90384674072266,1557100
2023-09-13,107.17972428147907,108.47045032225019,106.91369958865391,107.66251373291016,1894600
2023-09-14,108.14531076998776,110.96323759933436,107.91376727925365,110.80558776855469,2308300
2023-09-15,110.80560041019962,111.02236519367321,108.18473557031707,108.31282043457031,4287700
2023-09-18,108.80545608881265,110.59868162833632,108.78575361789828,109.11089324951172,1358500
2023-09-19,109.45575332618564,109.74148804326838,108.6773816176,108.91384887695312,1972100
2023-09-20,109.29809125612303,109.54441346597481,108.29309994747692,108.50985717773438,924500
2023-09-21,108.01722529557406,109.01236924368555,107.89899543210295,108.32266998291016,1443800
2023-09-22,107.84974192457487,109.11091074574766,107.01717144822713,108.73650360107422,1210500
2023-09-25,108.10590537235461,111.25882702227908,107.88421686085586,110.55927276611328,2115200
2023-09-26,110.01737676172613,110.0715604419351,106.34224537014872,106.89400482177734,2309700
2023-09-27,107.37679981330776,109.65281502507064,107.37679981330776,109.12075805664062,2819500
2023-09-28,109.14045028898914,109.34736757715184,107.23391863553498,107.71178436279297,1550700
2023-09-29,108.42120308143036,109.08134491108348,107.04179697011861,107.47532653808594,2867500
2023-10-02,106.70679707244314,106.70679707244314,101.24829534745422,103.18931579589844,2892500
2023-10-03,101.69167616455842,103.3765194421711,100.89851822373423,103.34696197509766,2557000
2023-10-04,103.10064591936191,105.03181156146033,102.69175006024908,104.5982894897461,1973900
2023-10-05,105.40622227839197,106.90385827571859,105.04166263615942,106.29297637939453,1589200
2023-10-06,104.98253718817169,108.95325032377156,103.58342121199273,108.54927825927734,2095800
2023-10-09,108.54928681339084,109.84691374328428,108.35223202118459,109.74148559570312,1258400
2023-10-10,109.32765621215567,111.8204359439721,109.32765621215567,111.337646484375,1464400
2023-10-11,112.23426601180344,113.48361015427557,111.64308663803718,113.377197265625,1353300
2023-10-12,113.21955751150321,114.45116870616934,112.77617297112852,114.01763916015625,1299700
2023-10-13,115.05220172096512,115.66308365226595,111.32781022860235,112.01751708984375,1699400
2023-10-16,113.08161995892279,115.3970552196326,112.9239776212423,115.11132049560547,1701700
2023-10-17,114.34278885272482,116.25424435752394,114.00778669143202,115.42660522460938,1214600
2023-10-18,115.60395397115983,116.89960382497138,114.10631056191006,114.36248779296875,1050700
2023-10-19,114.29351626968872,114.89454312041059,112.43132078701213,112.60867309570312,981000
2023-10-20,112.43132247804583,113.10131926349369,110.27353727604385,110.45088958740234,1654400
2023-10-23,110.18487466727858,111.36721850326396,108.77492629773035,110.46075439453125,950800
2023-10-24,111.59382236849532,113.60381261664227,111.59382236849532,112.58895874023438,1930900
2023-10-25,112.5495600610382,112.5889650039373,110.02721523748299,110.38191986083984,1575000
2023-10-26,110.35235835736809,111.36720473594505,109.5050092900371,111.061767578125,1652700
2023-10-27,111.33764933379503,111.69235395074436,108.27635439650298,109.15030670166016,1128700
2023-10-30,110.21441655410399,111.56426504836624,109.86463568832806,111.36720275878906,1271600
2023-10-31,111.4558818682406,111.84014393371031,109.53456402373432,111.25881958007812,1942000
2023-11-01,111.91897985613863,113.6826481620293,111.17016558865393,113.16044616699219,2751300
2023-11-02,113.21955351042538,116.16556527915304,112.69734406792851,115.46601104736328,1894600
2023-11-03,116.90454441458895,116.92424688755511,115.13102116128566,115.34778594970703,1853200
2023-11-06,117.2395390360301,123.77594907704682,116.32321994165541,122.89510345458984,2530800
2023-11-07,122.60935259456413,123.13549349721632,116.91438397978409,118.10658264160156,2271500
2023-11-08,118.64849426770084,119.69290567264301,117.2148970327201,119.3973159790039,1730200
2023-11-09,119.80129192977267,122.52562306763792,118.74703294741215,118.85541534423828,1603200
2023-11-10,119.66333790803888,120.91958280106702,119.59042899262344,119.97863006591797,1219700
2023-11-13,119.59435731975778,120.43776733753155,119.13127787694313,119.92935943603516,891600
2023-11-14,122.22509509236717,124.8459597440854,121.56494579450414,124.65875244140625,1433300
2023-11-15,124.71787659461292,125.36816339008102,119.89981424982092,120.19539642333984,1982200
2023-11-16,121.47133211224559,122.29101851934978,119.99985223129856,120.1578598022461,1474500
2023-11-17,120.6812838102702,121.98487842384472,120.08874217402281,120.17762756347656,1487900
2023-11-20,120.92816982976781,121.32320007606579,119.97023146580743,120.76028442382812,1041600
2023-11-21,121.37258682164803,121.64910574539279,120.3356333230296,120.98743438720703,984700
2023-11-22,121.37259016636027,122.30090264528876,120.45908312885228,121.7182388305664,1376700
2023-11-24,121.54048070034055,122.75519752519993,121.52073257637281,122.32066345214844,532500
2023-11-27,122.38978500303801,123.82176123408311,121.83674715401243,123.54524230957031,1073200
2023-11-28,123.42673975012497,124.927845727447,122.22190082295266,122.9033203125,2003000
2023-11-29,122.01451844921274,122.39967091014393,118.27161982349259,119.08142852783203,2078800
2023-11-30,119.09128608261827,120.34550655472114,119.01722120750699,119.53569793701172,2650000
2023-12-01,119.12092244399787,119.43694514306334,118.16297651835633,118.3901138305664,1454900
2023-12-04,117.52106231301022,118.06422990055623,116.58287197224098,117.44205474853516,1946900
2023-12-05,117.22970994058393,117.46178991162495,114.44475782266659,116.83961486816406,1805900
2023-12-06,117.85682332200197,118.18272384732485,110.82531643135314,111.23021697998047,2629800
2023-12-07,111.852393211514,112.03015645125416,108.08973922610981,109.15631866455078,3497000
2023-12-08,108.62301918065884,110.2228881945,108.28724838832018,109.8278579711914,2627300
2023-12-11,110.16363787804087,114.85460395249181,109.29456986738306,114.70646667480469,2582900
2023-12-12,114.71634352228838,114.95335864381752,112.43504754838018,113.06709289550781,1846200
2023-12-13,113.16585039690914,115.29900912886573,112.11902668654618,114.98298645019531,1731100
2023-12-14,115.1903905416451,116.34584790377691,113.93617749237463,114.16331481933594,2456400
2023-12-15,114.23244648528727,119.3678251836645,114.1731945789174,117.274169921875,6046800
2023-12-18,118.08397611652676,120.0294940364796,117.4321825565785,117.8765869140625,2019800
2023-12-19,118.28147238692372,119.54557063296373,117.77287350746045,119.30854797363281,1012700
2023-12-20,118.34073849312703,118.63207038525475,115.54590830447289,115.5557861328125,1324300
2023-12-21,116.02980631003419,116.95812619419821,115.35825719832346,116.83961486816406,904600
2023-12-22,113.57076694961954,116.5137344866577,112.60294318561823,113.89666748046875,1188400
2023-12-26,114.15343754598905,116.37547442301836,114.15343754598905,116.10883331298828,740700
2023-12-27,115.82242627265998,116.29646407959834,115.42739602264058,115.96068572998047,541300
2023-12-28,117.23466221681332,117.3037919501238,115.49653352055223,115.65454864501953,559700
2023-12-29,115.27927878054523,115.81256101117603,114.48921819477725,115.43728637695312,849900
2024-01-02,114.95337432818518,115.77306083959039,113.54114616482262,113.81766510009766,1362800
2024-01-03,114.06454576520522,115.70984078699325,114.06454576520522,114.41019439697266,1372400
2024-01-04,114.76571932299215,115.6535484310335,113.57075833509364,113.92628479003906,1348900
2024-01-05,113.67940320422949,116.19968864831792,113.67940320422949,114.79535675048828,1729900
2024-01-08,114.74598185309556,115.70392780480866,113.60039482869514,115.5755386352539,1351700
2024-01-09,114.99286988522363,115.4767779873455,113.73864940261699,115.04224395751953,1514000
2024-01-10,114.57807979889182,114.98298786365872,113.53619122233746,114.41019439697266,1090500
2024-01-11,113.57077376423544,113.85717053265958,110.0945238303175,111.50675201416016,1609300
2024-01-12,112.52394991277724,112.99798022738713,111.33885905710048,111.50675201416016,1556900
2024-01-16,110.97346320349627,111.4326805455928,109.91676151390821,110.42041778564453,1417000
2024-01-17,109.84762561832248,110.60805266518233,108.07987101532807,110.52904510498047,1484500
2024-01-18,109.9858868442659,110.50929875348518,108.8798035874383,110.025390625,1614900
2024-01-19,110.06487253271007,113.18560299297637,110.06487253271007,113.027587890625,1684200
2024-01-22,113.0374807551339,115.91625379834302,112.90909911832637,115.75330352783203,1876700
2024-01-23,116.2668367173689,119.0616593146125,115.70392106666469,117.21490478515625,1929400
2024-01-24,117.65932060866596,118.03459523431115,113.90654421391027,114.2324447631836,1514600
2024-01-25,116.43472890875036,119.09129220517899,115.58541646912614,119.05179595947266,1425800
2024-01-26,118.57774945811838,120.88867146085828,118.57774945811838,119.76283264160156,1558800
2024-01-29,119.58508065508015,120.22897797143487,118.51356602173838,119.5060806274414,1801500
2024-01-30,119.82210484831906,120.78992112660114,119.19992970627608,120.36526489257812,1285500
2024-01-31,121.25407715735491,122.63667932975336,119.85666200916376,120.48377227783203,1666100
2024-02-01,120.48377320463091,126.11293008642681,120.48377320463091,126.0438003540039,1937400
2024-02-02,125.43151269913443,131.41620370700227,124.8587191725315,128.09796142578125,3781700
2024-02-05,126.31043069054148,126.82396469491805,124.28590555140721,125.45124053955078,1878000
2024-02-06,126.17217411645812,129.86074782370153,125.6092584970219,129.38177490234375,2656900
2024-02-07,130.32001970346735,132.137148733539,129.18430275780693,130.85330200195312,2087600
2024-02-08,130.90265630617773,132.30500657388967,128.55223039890578,129.09539794921875,1228700
2024-02-09,128.4041007419123,130.863145091973,128.38434508484463,130.52737426757812,1245300
2024-02-12,130.18173264123243,130.54712941522743,126.36969704163148,126.91285705566406,1206900
2024-02-13,126.32032775878906,127.20913645810813,125.15499259314376,126.32032775878906,1503700
2024-02-14,126.70548789456065,127.82637666560986,126.10306838472327,127.07088470458984,1372300
2024-02-15,128.30532688110316,129.98419593294423,127.22887723206298,129.86569213867188,1348900
2024-02-16,129.62868589548853,131.0112956367246,128.86826636041798,129.52993774414062,1295700
2024-02-20,129.37194188925338,130.41876587820866,127.78195024494754,130.16200256347656,2121200
2024-02-21,130.6458602523105,130.9332439933856,128.52258701624737,129.7669219970703,983400
2024-02-22,130.75450669716784,132.3938795820662,130.0138278108867,131.73220825195312,1529900
2024-02-23,131.8309669005244,132.4827528453329,129.71756382093332,132.3247528076172,2052200
2024-02-26,133.00617760455123,133.51971921710955,131.27792676206496,131.5643310546875,1494700
2024-02-27,133.3222017445922,154.7228822459631,133.3222017445922,153.82418823242188,4888300
2024-02-28,156.51041852045725,168.85506948113212,154.55503002764945,168.70693969726562,8227500
2024-02-29,169.05255827882706,169.17699933595924,161.33962380095065,166.3564910888672,4536900
2024-03-01,164.96400074269485,168.19336502018757,162.9987423393431,167.87734985351562,4557600
2024-03-04,170.81042357190358,174.83477560569463,167.5119223379869,173.80276489257812,3818200
2024-03-05,175.18536404533882,183.2735796390398,173.23984635997837,174.5730743408203,4323800
2024-03-06,174.5730970728859,178.56288110336436,172.83496080407582,177.74319458007812,2073600
2024-03-07,179.84391101418944,180.1407678072806,174.36201797666277,177.69667053222656,1967800
2024-03-08,177.69666085195684,177.94403898292924,166.69328641790793,168.78115844726562,3196900
2024-03-11,168.52390277087713,169.16709507463952,164.65490455331567,166.14907836914062,2601700
2024-03-12,164.82312217472068,167.28699890263255,162.47796702926524,166.60423278808594,2617000
2024-03-13,169.4441517064922,169.51340974066923,164.6944879643584,166.09959411621094,1639000
2024-03-14,166.08973392906836,166.6240642117969,161.55776337289578,162.91339111328125,3012300
2024-03-15,162.45817551862464,166.62403031316512,160.96401689048932,163.7841339111328,4532000
2024-03-18,165.93137195812355,169.28581910149524,164.44710304337917,167.06930541992188,2006800
2024-03-19,167.22764110861593,172.18509414616204,166.49539629779198,170.6018829345703,1922200
2024-03-20,171.10653022965008,174.91616007415143,170.8403540978115,173.86727905273438,1969200
2024-03-21,175.59892731177644,175.9452476914551,170.5622962818757,172.30384826660156,2212100
2024-03-22,173.16471632855604,176.49936917710684,172.38794526303576,176.37074279785156,1608400
2024-03-25,178.11230048619362,187.06739416928062,177.65711796371596,185.29615783691406,3570600
2024-03-26,187.90847908479935,196.74483644726982,182.54532139494665,183.465576171875,4228700
2024-03-27,186.1075519835081,188.12615126492454,180.4277436024755,182.9510040283203,2452100
2024-03-28,183.08952776233485,184.87065358458707,181.4123116413393,182.9114227294922,2050800
2024-04-01,184.07906545187348,186.82990983508202,181.47664194954174,184.0295867919922,1977500
2024-04-02,182.74814971552902,186.39450158190408,182.1890726268825,186.1570281982422,1875500
2024-04-03,186.50333245882763,191.18373797407546,184.91021655317272,188.26466369628906,2555800
2024-04-04,191.411318385732,193.44971191129687,181.04123063982888,181.1896514892578,3747800
2024-04-05,180.4079346671608,192.80652566291002,179.51736431633978,191.05508422851562,4331400
2024-04-08,192.82138260726808,195.5672740950325,186.13722001108326,189.9666290283203,1663500
2024-04-09,190.5801414979615,192.79664015991793,183.10931800722548,186.12733459472656,1958600
2024-04-10,181.57557256992328,191.79724012917183,180.58605991286646,189.07608032226562,3861900
2024-04-11,189.56093391740862,192.24250457822396,188.0073919053107,190.85719299316406,2267300
2024-04-12,189.94686398806766,191.2233287239323,188.3537479417081,189.65989685058594,1801900
2024-04-15,192.05451020525342,193.94448302579,182.8421496773308,183.4556427001953,2531500
2024-04-16,183.0895448191971,186.30050889456874,181.18968213138942,184.6925506591797,2982700
2024-04-17,185.94921885246683,187.0574682095808,180.71470347956415,183.4556427001953,3282900
2024-04-18,184.17800656346847,186.29358523232028,181.16987945310743,181.9318084716797,1654200
2024-04-19,181.37767763083107,184.00978498866166,175.78692191825715,179.00283813476562,3442500
2024-04-22,179.69550204009084,181.92190548723465,176.3410547836781,181.2985076904297,2327500
2024-04-23,182.04065880294428,187.76004119508295,182.04065880294428,186.27577209472656,2387300
2024-04-24,184.7716864585997,192.33156223682113,181.72102643331024,184.20767211914062,2266400
2024-04-25,183.65355501676288,188.53086374434596,183.46059280141088,186.03826904296875,2908900
2024-04-26,184.95475795547125,187.3939182133292,183.68324562286838,186.39450073242188,1826600
2024-04-29,186.45386839034745,188.42300407331123,184.18789098025405,186.63198852539062,2205500
2024-04-30,186.63200275744714,187.41371119644182,183.76242178542128,183.99000549316406,2173200
2024-05-01,184.29672946338601,186.23122848920244,181.99116319703927,182.62445068359375,2717000
2024-05-02,183.05986022037305,185.21699078529173,181.67454839875248,184.22747802734375,3071000
2024-05-03,187.344447813115,195.2011813399408,186.02839406452998,192.8164520263672,3480200
2024-05-06,195.67612660148788,196.8239648995668,192.08419084920857,195.62664794921875,2708000
2024-05-07,196.61617080993216,202.92926667844398,195.28033772188363,198.4566650390625,2797300
2024-05-08,196.45783759189027,206.08580668003503,196.03235439394035,205.81863403320312,3992100
2024-05-09,203.27557242119514,213.6852495209404,200.8710639766647,213.6456756591797,4313500
2024-05-10,218.20733634973132,218.20733634973132,209.63815307711974,212.6759490966797,2744700
2024-05-13,214.72426341103917,216.38170026126932,210.36050862769162,211.3500213623047,1919300
2024-05-14,212.31972876014748,215.624697266064,208.5595778084917,215.45648193359375,1951000
2024-05-15,217.83131012406264,222.3632797888003,217.45529049243692,220.9680633544922,2682200
2024-05-16,221.3836650054664,222.44245080773638,213.97222478463695,214.0711669921875,3539800
2024-05-17,214.09096195491512,215.42878803758603,207.70860825108838,210.8750457763672,3057300
2024-05-20,211.70623443486505,212.98271424477258,208.9355959167576,212.8144989013672,2326200
2024-05-21,213.6654722209211,220.33479332181523,213.23998900303258,220.25563049316406,1881100
2024-05-22,219.77077140319884,222.05159087422157,215.5752322209434,217.8016357421875,1573700
2024-05-23,221.4331402673441,225.6583635230584,218.42502844585854,218.8406219482422,2658300
2024-05-24,220.96807875396695,233.8218541702458,219.31559435582594,228.21131896972656,2672000
2024-05-28,230.29920471301497,232.31780409570715,219.49372720842004,228.84461975097656,2602200
2024-05-29,224.74472812302346,226.82588741101972,216.92553870040123,218.75894165039062,3809400
2024-05-30,220.33465395310722,223.26808033545564,218.02556321893968,222.94105529785156,2037800
2024-05-31,222.04912708994212,222.46535590280413,206.13326313470944,215.3002471923828,5618300
2024-06-03,213.56595902253775,215.25069906238335,202.21872199675363,206.39093017578125,4922600
2024-06-04,205.1323482824309,206.628791158225,195.07343163015722,201.31689453125,4666700
2024-06-05,202.65478062474818,210.93975321119663,202.61513114224803,207.4513397216797,4502200
2024-06-06,207.61980702226623,207.92702245564382,194.44908701561178,200.78173828125,4842100
2024-06-07,200.26637662226813,202.16914321437025,195.747304075795,196.22299194335938,4558700
2024-06-10,197.739291912984,212.84252407559018,196.35384339835667,212.7037811279297,5719100
2024-06-11,209.2649134268802,217.5895201944901,208.56127878521923,216.35073852539062,3701900
2024-06-12,219.28416678033454,219.7796794177147,210.24600599166533,216.17234802246094,3137900
2024-06-13,218.33278647831114,218.38234076882762,212.19833730979198,217.95619201660156,2238200
2024-06-14,216.83635197449507,216.90571588639295,209.06671677481245,212.97134399414062,2373800
2024-06-17,211.9505906164923,212.79296822803636,206.8369112101841,210.11720275878906,3321100
2024-06-18,210.880291340335,219.21481870720288,207.23828503879182,218.43191528320312,2714700
2024-06-20,221.81130785560492,225.7258550830388,217.3219489711842,220.31484985351562,3075100
2024-06-21,220.99863627155315,222.56445802029594,213.80379822065757,216.17234802246094,5511600
2024-06-24,216.04352560630912,218.86795389347893,213.41829740601727,214.16058349609375,2474100
2024-06-25,214.5569842396063,220.46350186812893,212.25779821236299,220.37429809570312,2221900
2024-06-26,218.5904765190387,220.20583761440577,205.58821317956358,208.42254638671875,4237000
2024-06-27,205.7269325246689,206.0539726789541,199.45374074013432,202.94215393066406,4733600
2024-06-28,203.4079583874766,205.43956343228126,197.65010337344603,198.47265625,10579100
2024-07-01,206.3215662515001,211.67309699459983,201.31688530143012,203.20974731445312,4168400
2024-07-02,201.6340353470949,209.89918358703284,201.2772655967887,204.2998809814453,1905300
2024-07-03,203.46740226882497,210.5234975778097,200.19701574890536,208.1846923828125,1612700
2024-07-05,208.1153217557957,210.85054625500706,206.20265010481214,209.39373779296875,1601600
2024-07-08,209.92890662921425,214.48761427303523,209.3541100981102,213.7938995361328,1634400
2024-07-09,215.09211403325966,220.37428044086406,213.1298882684821,214.02182006835938,1773200
2024-07-10,216.2218901745138,217.98592910004464,211.82175059616708,217.57960510253906,2584300
2024-07-11,217.5895263552569,218.5637059810662,213.2587503564557,214.89393615722656,2438200
2024-07-12,214.31913127858198,219.15533970217257,210.40162038844312,215.1912384033203,1760700
2024-07-15,215.05250204568694,217.6787131878287,209.73862457581194,210.969482421875,2164300
2024-07-16,212.21816416233875,213.08035136288964,202.2286269930263,203.04127502441406,4049600
2024-07-17,200.31596417313665,201.2376105147131,184.1027884101634,184.9947052001953,6748700
2024-07-18,188.66147712283603,191.1093107665056,176.47187831454764,185.59921264648438,5484900
2024-07-19,186.33259347808166,188.23536036545136,184.7271221029205,187.60110473632812,2827000
2024-07-22,190.51470229262227,195.05359981868418,186.9172757434726,188.71102905273438,1868800
2024-07-23,187.9677678119733,190.43740722748294,186.61006798291726,188.1659698486328,1856600
2024-07-24,186.60013221112845,186.60013221112845,173.13210308678993,173.50869750976562,4910100
2024-07-25,175.11418515215007,175.2529281032734,164.38137825574168,168.90045166015625,5542000
2024-07-26,174.95559306851484,175.48085036937852,169.90137330632786,173.46905517578125,3469300
2024-07-29,174.4700147132314,175.560133517759,169.59219087687828,171.1302490234375,2100100
2024-07-30,171.91317119983756,173.45916834905444,164.26245417569254,167.1760711669922,3517100
2024-07-31,191.54538271319677,194.73648562116415,181.35764309757272,188.09661865234375,7483700
2024-08-01,186.60215336267993,192.52649978443202,175.03489321061326,175.97637939453125,4482100
2024-08-02,172.90418157542706,173.756463919938,159.98914244260965,165.58050537109375,6099200
2024-08-05,154.83782027253184,171.2095496623842,154.2035645954655,168.44459533691406,5430800
2024-08-06,172.08162601379138,182.18017586040136,166.87874338451246,179.4152069091797,6322100
2024-08-07,188.3840100938145,188.3840100938145,175.31238296493322,178.04762268066406,6154900
2024-08-08,181.60541126528264,185.9461075167812,174.83670571837231,185.3514862060547,3338800
2024-08-09,185.40101590089432,188.39391655654504,181.4270098711329,188.1659698486328,3204000
2024-08-12,188.64553221634296,189.46961714876323,182.3904404865354,185.99456787109375,2232300
2024-08-13,187.9902451561268,189.489490490015,185.73643825090036,188.05975341796875,2349000
2024-08-14,187.61294832291892,188.53631126546074,180.91106773345996,184.82296752929688,2327900
2024-08-15,185.07119879607086,191.20715112692406,184.1676974537557,189.0327606201172,4241900
2024-08-16,189.85683716170243,189.99583852742538,184.50526185635007,188.62567138671875,2572300
2024-08-19,188.25831593768802,191.50500912613228,184.23718439603874,191.4057159423828,2025100
2024-08-20,191.62417335558789,192.12060903785624,188.28714021378724,189.3604278564453,2507000
2024-08-21,190.11496660893283,195.92326898958706,189.61853102597135,195.3374786376953,2404200
2024-08-22,194.17584746618573,197.3907561312584,193.32197754195133,193.5602569580078,1520300
2024-08-23,193.6198221034504,195.9232907360706,191.14758232190363,193.5999755859375,2683300
2024-08-26,194.1063234366905,196.57857822756128,191.70357690319946,193.50067138671875,1953400
2024-08-27,193.50068639192253,196.8863811493939,192.1901041583936,194.7417755126953,1703200
2024-08-28,195.784289829434,196.04243090783655,191.03836633025313,192.388671875,2493200
2024-08-29,194.5134160360842,197.6906011010244,190.9390733692681,193.05389404296875,2463800
2024-08-30,193.86803821948942,196.39986298137472,193.75882177407433,195.2977752685547,2239400
2024-09-03,194.10634607016226,194.4042105007843,175.91693593367782,176.51266479492188,4252300
2024-09-04,176.41336449481625,181.4472292345051,174.74534799054936,176.2545166015625,3310400
2024-09-05,176.70129918571158,178.46860881482536,173.86168677881872,174.81484985351562,2444900
2024-09-06,174.5566954421914,175.38078041376187,170.7142884777722,171.87594604492188,3390300
2024-09-09,175.09283302898112,175.09283302898112,169.8206745065141,173.6730194091797,2184400
2024-09-10,175.58928593743371,179.91323597230993,172.62059545751157,178.9650421142578,2301800
2024-09-11,180.23590618764388,186.8087086276125,177.86791384983334,185.91513061523438,2846900
2024-09-12,185.66691395016346,190.31354388289967,182.87694830892497,188.57601928710938,2154600
2024-09-13,190.0851955043813,196.39985718470243,187.83137355188907,194.58290100097656,2613600
2024-09-16,193.60988717456084,198.10759257230734,191.31635708895652,197.82958984375,2264000
2024-09-17,198.5742438338317,203.24073553392424,196.83671920028567,199.79547119140625,2881700
2024-09-18,200.5202708632561,203.49193055793654,197.0054983900522,198.90188598632812,1796000
2024-09-19,203.6478086578988,207.15264271684126,201.0266293445535,207.01364135742188,3432600
2024-09-20,233.4835933185527,253.42044868658647,231.3389879062515,253.16229248046875,15031400
2024-09-23,257.70965658905715,269.9120526107069,250.3127688822463,255.28704833984375,10270000
2024-09-24,252.26874331555646,257.59053412317417,249.29806800398705,251.68295288085938,4562700
2024-09-25,252.62618533257864,265.1860016817597,251.43474275854797,260.98614501953125,6246200
2024-09-26,261.9492447652715,268.1944142750614,252.68576805427344,254.9395751953125,4072200
2024-09-27,255.34661726536163,260.5294063305591,253.51973782667477,255.16790771484375,2598100
2024-09-30,255.91257491636185,259.25854631459663,249.4837272556447,258.1663818359375,2899300
2024-10-01,257.2529508840923,264.1037565542537,252.14959318675122,263.7165222167969,3179800
2024-10-02,263.0215389755835,267.79724749108294,259.7847688507233,263.4881896972656,3233600
2024-10-03,270.2099109372859,277.51745926394113,266.08950121357356,275.3927001953125,4274200
2024-10-04,275.9288232442101,283.96114716256096,273.63529332574507,283.48455810546875,3829200
2024-10-07,282.9683121574907,286.69454882532494,272.0467281794823,276.57421875,3477000
2024-10-08,276.9018798004852,279.39396605506306,271.1531467303149,277.3983154296875,2599100
2024-10-09,274.08207282934893,274.08207282934893,255.66432484861346,260.4102478027344,5235800
2024-10-10,259.1989743744478,265.85122408179336,257.1834468846146,260.4400634765625,2733500
2024-10-11,254.5622634345657,264.99731922135874,247.27457725751697,264.3221740722656,4477700
2024-10-14,265.6625697502754,270.875143854289,263.31937782560044,269.8028259277344,2229300
2024-10-15,267.8766906009313,267.8766906009313,260.4698784685638,264.2527160644531,3000900
2024-10-16,266.3079233400383,278.24222465326176,262.2371452245379,277.80535888671875,2469300
2024-10-17,282.9683041432111,282.9683041432111,268.61139445911016,269.2666931152344,3209900
2024-10-18,265.8710921692337,270.63686258798487,263.1109109942014,268.234130859375,1708800
2024-10-21,271.1332856067961,272.16588025931264,266.09945106333737,271.76873779296875,1650900
2024-10-22,268.4425713805468,269.49004318507014,263.95480463366357,264.1037292480469,2134100
2024-10-23,263.11087866540737,266.01601482396524,260.73790185720515,264.15338134765625,2633700
2024-10-24,265.88102665310106,265.89093476255727,260.69823700671975,262.6144714355469,1553700
2024-10-25,267.0823607569873,267.81707577086837,261.2144881541672,262.52508544921875,2016200
2024-10-28,264.98742744838233,269.25676178379825,263.1208246152149,265.0767822265625,1542500
2024-10-29,264.3817749617165,265.3250148395955,259.8344376294821,263.11090087890625,1829700
2024-10-30,264.9774985898491,266.0895096028716,259.5663378603767,259.9138488769531,1831000
2024-10-31,259.8740841729373,262.3066306017219,257.5011378889599,261.08538818359375,2290900
2024-11-01,260.8571005136952,262.8825362502781,254.98922720323657,256.2601013183594,2804500
2024-11-04,230.84255816455303,233.81918716665427,223.07829796847474,224.33924865722656,10719400
2024-11-05,228.70792265269048,235.17150971884317,225.38179755389373,232.08367919921875,6347400
2024-11-06,237.11751802260497,240.2748413099611,232.09357679647678,233.3148193359375,4790100
2024-11-07,240.79114549636603,246.57958683899625,236.69753614483716,239.86776733398438,4154900
2024-11-08,241.51593482762416,246.23207332888302,235.14170313445064,237.66358947753906,5162100
2024-11-11,240.2649210522014,242.17123204856628,232.61980024957546,235.5785675048828,3382100
2024-11-12,233.76161418449212,234.29775800417548,224.08111930399272,227.0696563720703,4460000
2024-11-13,229.35327748933636,231.11066398742747,224.00170162058575,224.34921264648438,2979500
2024-11-14,226.573219779456,229.88940617055007,223.51517446341262,223.77333068847656,2513200
2024-11-15,223.59731875236298,226.48115616419565,220.4250884950796,223.03048706054688,2717400
2024-11-18,224.73097729794233,230.74725959497346,219.9477618680955,228.9970703125,3293200
2024-11-19,225.04419466169475,233.58137229637202,224.84035011753983,233.27310180664062,2197500
2024-11-20,236.8132611008575,240.13464947268926,230.84668862144684,234.10841369628906,2567600
2024-11-21,235.98787236893386,250.78497628052634,232.80570356369296,250.43692016601562,3586400
2024-11-22,249.81045598365594,251.81919115781687,243.66487834400377,248.497802734375,2471600
2024-11-25,252.0876831784182,254.18592840669658,241.6461815083062,247.5431365966797,3459600
2024-11-26,248.15969443916032,265.641753462536,247.8116383115783,265.2439880371094,3881600
2024-11-27,263.5236204718404,264.5180492283379,249.45245963691204,251.97830200195312,2298200
2024-11-29,256.5427326313545,259.3360734430659,253.7782068242683,255.13063049316406,1185700
2024-12-02,255.56820464066982,257.0001845575118,248.11992737749202,248.18954467773438,1908400
2024-12-03,250.0699886139653,252.76389576954625,245.20624627281225,246.1310577392578,1784600
2024-12-04,251.27226219136602,256.22452854621804,249.60162908884678,252.78379821777344,2701200
2024-12-05,252.306462513039,258.31282063295777,251.68992154646043,254.6632537841797,2118200
2024-12-06,255.02127646410398,257.1294606526326,249.02485687396688,252.21697998046875,1329700
2024-12-09,252.37607257063038,252.58490929020707,235.0133546261867,238.5137481689453,3262400
2024-12-10,236.55470629257786,238.1656759465027,229.42465426567998,231.04556274414062,2771500
2024-12-11,233.4620538251462,238.11398556463914,230.82680839861558,235.2818603515625,2386700
2024-12-12,241.60642154736598,246.74761648681283,237.58892080408975,237.68836975097656,2822000
2024-12-13,240.6418129457555,242.0638387409856,235.18239377567545,237.7380828857422,2004800
2024-12-16,238.7126337251985,242.34229273387936,235.92624231744915,237.96681213378906,1974400
2024-12-17,236.3359420875031,236.7536003446907,227.58496598903025,232.93499755859375,2506500
2024-12-18,233.01456641517714,235.66968952126882,223.517768229737,224.5022430419922,3173700
2024-12-19,227.58497198240593,232.48749860129467,223.72658344709393,223.91552734375,3626800
2024-12-20,220.58419205362077,230.40913776074058,218.41632949370836,225.75521850585938,4985400
2024-12-23,225.73532638287955,228.08217884121217,220.4648509700214,227.00819396972656,1935200
2024-12-24,227.96781902380204,228.8280053743019,225.89046800104916,228.50978088378906,978400
2024-12-26,227.29657830034992,228.94731843248707,226.05254093928036,227.36618041992188,920500
2024-12-27,226.9087403177928,226.9087403177928,221.49906077280954,225.2778778076172,1466000
2024-12-30,222.27472420080517,227.72418964317143,221.0117954069644,225.0591278076172,1587100
2024-12-31,225.08894475395408,225.76514899386925,221.6382759136546,222.46365356445312,1885700
2025-01-02,225.11877806409447,242.3621683946253,223.88369322613872,241.2484130859375,4552500
2025-01-03,249.1043964175458,252.76290055837578,242.98866580854246,250.99380493164062,4576600
2025-01-06,256.4433093176448,266.32793423014255,250.10878740717138,262.8076477050781,4116000
2025-01-07,262.03197519985713,264.000955046783,248.16963601954401,254.20582580566406,3112400
2025-01-08,254.08650420015024,254.5638409623743,226.7794970998854,242.4815216064453,8414200
2025-01-10,280.91617059377944,308.2729154821385,278.5693332879042,303.4897155761719,14707200
2025-01-13,295.8375662154658,298.7860437187388,277.3063773687684,277.68426513671875,6920600
2025-01-14,282.3133611468835,292.7598408386698,279.8322660770993,287.2606506347656,4852400
2025-01-15,295.4348392486164,303.4081744571487,291.3875068766314,299.0943298339844,4140700
2025-01-16,300.78485963688576,318.7243624508301,300.78485963688576,313.48370361328125,5269100
2025-01-17,318.3763207034995,318.3763207034995,309.30713511806823,314.59747314453125,2820000
2025-01-21,324.1837819315276,328.4995991903815,316.55649984420086,321.8369445800781,4032300
2025-01-22,327.16709794419637,334.5736022192424,317.2228092528834,330.6177673339844,4576600
2025-01-23,331.2740684453851,350.0389349010929,331.14478784677254,344.2911376953125,4853500
2025-01-24,345.8125734414858,348.0500379713013,340.0448992369834,345.5043029785156,3226600
2025-01-27,290.8306447586316,300.9837848805806,268.93333302528345,273.4679260253906,16083200
2025-01-28,279.9813829740934,282.78567913770183,257.6465232979384,277.2467041015625,9989300
2025-01-29,277.4754548664653,292.5509984650885,274.522000244117,290.2638244628906,6638500
2025-01-30,299.3230683623449,308.9590858480603,297.12538921487464,306.83099365234375,6023100
2025-01-31,310.26180068760686,310.26180068760686,296.2851105073536,298.30877685546875,4719900
2025-02-03,283.8099467000256,306.93041412080953,282.4376302297637,304.60345458984375,3723500
2025-02-04,296.5654988759566,305.37912762791825,291.86484427247706,304.62335205078125,2996300
2025-02-05,308.7999404251047,316.5962577264625,301.1627353561282,312.08154296875,3578600
2025-02-06,313.56828262862246,314.8162653170085,304.1659410562387,310.0628967285156,2480100
2025-02-07,312.7279601181172,317.82935404667353,307.581773195917,308.0640869140625,2298000
2025-02-10,310.8882907714664,320.206084076723,310.8336044690912,320.0370178222656,2729800
2025-02-11,315.542176853194,317.3818760671692,307.7160276293808,311.83294677734375,2642900
2025-02-12,303.7283635748072,315.66150848623914,302.09751621764104,312.0517272949219,1766400
2025-02-13,314.59750240795574,315.9678465112439,303.3902999802333,309.754638671875,2707200
2025-02-14,309.45130453826334,316.41728270652345,304.51396949370144,315.5322265625,2193000
2025-02-18,322.03583676373415,327.7339250280455,314.05555127181566,323.7860412597656,3253000
2025-02-19,322.0059634978947,328.05010421088457,316.357615614828,319.8729248046875,3079100
2025-02-20,315.72118419650974,320.2060677132776,302.48533953964443,307.6961669921875,3860000
2025-02-21,308.2729125918805,308.73034131970087,276.22246304470735,282.8553161621094,6478000
2025-02-24,288.3943120194499,288.3943120194499,261.18672370276107,266.2284851074219,7221400
2025-02-25,263.30481553861,266.55658628423885,247.17518169488028,262.8374328613281,5094600
2025-02-26,271.23042354631997,278.39032220975446,266.5565965927509,268.6349792480469,4724900
2025-02-27,274.8501671785426,279.0367035724869,247.40391339397715,248.3486328125,5131000
2025-02-28,245.0471359818261,250.13762013920942,240.26393602008892,249.14915466308594,6029600
2025-03-03,247.99064862228954,248.33073852343912,227.96285403531598,230.995849609375,5315000
2025-03-04,226.23254740961548,238.2949733644715,220.01736753572493,230.3594207763672,5525500
2025-03-05,229.36496568855546,232.2388639256573,222.17525068375193,228.04238891601562,3840200
2025-03-06,218.963256628104,221.5388233046624,203.56950468883028,206.53289794921875,7710800
2025-03-07,207.32796505946772,215.3381303560344,202.3465148197129,211.75148010253906,4986200
2025-03-10,202.85460827400414,207.46743585611802,194.83447070328674,201.45980834960938,7689500
2025-03-11,203.23320020435426,210.85481253466227,199.1832789692024,207.80616760253906,5051000
2025-03-12,218.60596381862905,223.49775167691703,209.22091324859645,214.5510711669922,7320400
2025-03-13,215.9657794935585,215.9657794935585,202.96419243853512,209.09136962890625,3654300
2025-03-14,213.0367041960424,216.69308687210554,208.25450889360133,215.65695190429688,3829900
2025-03-17,216.1052751099575,221.2411490234853,213.56473248062915,217.72921752929688,3547600
2025-03-18,217.11152706945055,217.32572578285908,208.47369411256088,210.06776428222656,2716500
2025-03-19,210.33676008312463,219.5524434658802,210.33676008312463,217.24105834960938,3091900
2025-03-20,216.2546947977891,221.6047669814927,213.2060499735071,218.62586975097656,2250500
2025-03-21,214.9744755623204,221.99335221529932,211.76144933060158,221.65460205078125,3733500
2025-03-24,227.39325543073682,230.29244803663832,225.7593402925436,227.77183532714844,2773600
2025-03-25,228.4592704833438,230.01547202509758,221.17639260077513,226.0283203125,2849900
2025-03-26,223.16897218760977,225.2611873827405,213.20607164352003,216.16505432128906,4059000
2025-03-27,211.1736441487324,216.74290183914178,206.75011392660542,208.4238739013672,4178300
2025-03-28,209.12126848528473,214.61580732089624,203.13357095596064,204.6280059814453,5572000
2025-03-31,198.24179543892515,202.80480581985353,194.82452776886092,200.88197326660156,4518500
2025-04-01,200.2044886724504,206.98922168954053,197.35509843361498,206.17227172851562,2863100
2025-04-02,202.0775096996563,214.54109256943042,201.51958971219423,213.66436767578125,3179100
2025-04-03,199.72625238671122,203.28997749019328,189.07591012788964,189.53421020507812,5557500
2025-04-04,179.40196318436747,182.31112841286853,164.46756931400975,170.3257598876953,9358600
2025-04-07,160.93072083969787,189.08587047927003,160.75139593857583,179.1229705810547,7458400
2025-04-08,188.2390357475635,192.58286077215504,181.31482326169072,184.25387573242188,6895700
2025-04-09,185.43946522764617,217.09158803660833,181.9325201206756,214.6506805419922,7984300
2025-04-10,208.2246319187533,210.69045600918972,198.80969346812617,203.7313690185547,4048600
2025-04-11,203.73135663947204,207.7563617296387,197.26542877893345,207.47740173339844,2960700
2025-04-14,214.17245838397025,216.40415341369678,203.11363351646563,205.93313598632812,3427300
2025-04-15,205.833534272111,211.213494562162,205.58446175493864,207.6467742919922,1986000
2025-04-16,204.2892746374622,206.63054709749082,200.69266700442859,203.43246459960938,2433300
2025-04-17,207.57702567041687,208.04528318228154,202.84863118482133,205.9132080078125,1962800
2025-04-21,202.73505625394867,204.10992610752317,187.30849323784676,191.89541625976562,3290900
2025-04-22,196.81710267118055,201.66903035622602,195.1234126244372,200.13475036621094,2457800
2025-04-23,212.45884979933385,216.53367239080737,207.4973296854837,209.0216522216797,2976100
2025-04-24,208.79250593399195,219.373101038395,208.79250593399195,217.26097106933594,2336500
2025-04-25,217.30080458044955,223.1141632073235,215.69677713088106,222.16270446777344,2710400
2025-04-28,221.51512118142583,224.65344389099621,218.87495868804479,223.98593139648438,2396300
2025-04-29,223.4778033288231,226.51649081298214,219.68194093147142,225.60986328125,2038900
2025-04-30,218.735470747856,223.04442192210752,215.94585573028166,222.6110382080078,2185200
2025-05-01,231.33853180764697,243.0748266315692,229.45554434138927,239.72232055664062,4557800
2025-05-02,243.3737266018527,249.71013178224482,240.66681134132378,246.34266662597656,3316000
2025-05-05,242.36747272601045,249.07250017408674,240.5641902570987,247.3489227294922,3117800
2025-05-06,257.86975908658195,278.85165704314977,255.1698213672228,272.8041687011719,7195600
2025-05-07,276.3309846915699,277.48668476052615,263.678119710476,267.1252746582031,5165600
2025-05-08,270.7418207103821,272.9635584643568,264.08661048269846,269.58612060546875,2862300
2025-05-09,271.0606353966546,273.92995554391484,265.0729225949672,270.36322021484375,3245900
2025-05-12,285.29759850724275,290.9067162430133,282.3984212746553,284.22161865234375,4744900
2025-05-13,279.4294538510635,295.0712188076429,278.1542038839645,290.4384460449219,3651100
2025-05-14,290.43845563691434,290.9166857920045,281.8803280150493,287.0809631347656,3129300
2025-05-15,283.5540610038752,287.64882840652143,282.22900878133737,283.3448486328125,2187300
2025-05-16,285.9168294107668,290.486088567431,283.5324590776457,290.4361877441406,2104900
2025-05-19,282.68445564295234,293.67856020769017,281.3376205193718,293.3293762207031,1972700
2025-05-20,291.8728236413696,292.34172090875506,288.98962759409136,291.71319580078125,1481300
2025-05-21,287.5928562602112,291.52062012213554,284.5400464931025,286.4355773925781,2040900
2025-05-22,284.5201221281945,294.5066194690513,282.05592267184915,290.7853698730469,2390800
2025-05-23,297.94351510216063,301.88924242853886,292.4215123635957,296.7912292480469,5373300
2025-05-27,303.14624753064527,309.53123890416504,295.56911668173245,308.33404541015625,3611500
2025-05-28,308.7231519434231,312.34959306941397,305.9396967876317,307.326416015625,2512000
2025-05-29,313.14273248316795,313.76127129450384,299.3951015279091,302.65740966796875,2710600
2025-05-30,300.73194953694025,305.7800616591655,298.55707744944624,305.4308776855469,3656100
2025-06-02,306.16917014667655,313.1626838704078,303.8546122161946,312.69378662109375,2097100
2025-06-03,341.19669384940596,341.19669384940596,308.77303142219637,312.29473876953125,10696100
2025-06-04,303.2859412630878,309.68088861230717,298.23782901852525,298.83642578125,4966800
2025-06-05,298.53210294244207,301.2906227615565,288.6802986385667,289.1990966796875,4673800
2025-06-06,292.8904044311379,299.06586734215256,285.328222285636,298.09814453125,3735300
2025-06-09,299.98868820747754,308.09460294605407,296.3123465432531,298.95611572265625,2997400
2025-06-10,299.2953125807782,299.79413810174617,287.03417275053545,290.3363952636719,3374300
2025-06-11,296.13277814177053,297.76894064557723,289.1192917589195,291.5036926269531,2751400
2025-06-12,289.4285423245488,300.6122329343025,288.4009629224586,299.6744384765625,2084000
2025-06-13,296.66152427195544,299.24546748119474,293.3992160498134,296.1926574707031,1525900
2025-06-16,299.29533437063304,309.23193094688725,299.29533437063304,307.2865295410156,2592700
2025-06-17,307.09697964593136,312.8035453552837,301.9890107066866,304.9819641113281,2158100
2025-06-18,304.2835713783493,308.8119109724942,302.5376820343751,305.710205078125,1451500
2025-06-20,306.8076512256771,307.47609087991833,301.97902340314454,304.20379638671875,4194800
2025-06-23,305.28124610010394,315.0482591978962,303.9743255541053,314.4696044921875,2314500
2025-06-24,317.19321741671325,323.5482505381646,316.10578128809436,319.9068298339844,2385000
2025-06-25,321.25366959846826,322.87984591034154,314.1154765482128,314.3998107910156,2263900
2025-06-26,316.25540451899735,322.8449011162643,313.9907474408507,321.7524719238281,2192400
2025-06-27,327.13478545889757,327.66853245536123,317.05351004870715,319.41796875,3689700
2025-06-30,323.23896976229645,323.97722186412835,317.47254738375557,322.00189208984375,1968000
2025-07-01,319.9716303473617,319.9716303473617,301.54002161364366,307.19671630859375,3553000
2025-07-02,306.15917229473723,309.59109449036873,302.2982674361257,305.9097595214844,2106500
2025-07-03,307.47608167326626,313.20258925342455,305.7281828164711,311.1474304199219,1465800
2025-07-07,309.27185010647827,319.6574020167873,308.3639839252388,317.5024719238281,2002100
2025-07-08,319.9317375989255,319.9317375989255,307.0271231758494,312.10516357421875,1793000
2025-07-09,312.48429566517814,319.00394960989763,309.5212705200432,316.3651428222656,1685700
2025-07-10,315.51714480160615,316.61453664853514,306.5133193195287,312.8833312988281,1745800
2025-07-11,310.07995171393196,322.2413216766578,309.0174508027629,320.7847595214844,2015600
2025-07-14,321.32345421111694,325.7829558642629,313.147726551929,325.2242736816406,2000100
2025-07-15,326.8105431755795,327.2195837916441,313.461996654979,317.2430725097656,2742400
2025-07-16,317.88156764853375,321.24364690787235,300.6621003107236,307.47607421875,2952800
2025-07-17,311.0875588864093,314.0805120476503,304.2935576460636,307.3563232421875,1984900
2025-07-18,311.04766757141425,326.2419052163307,310.18970221508476,320.6650390625,3532900
2025-07-21,323.65797790986136,324.8751134495845,315.90620950558355,317.1333312988281,1937600
2025-07-22,317.2530467881448,317.993308281526,310.66355037468014,317.0435485839844,1780100
2025-07-23,328.6163348824724,342.42382347983823,322.04178685213043,322.939697265625,3821400
2025-07-24,324.316422861992,326.152127772737,320.1422599441552,320.9144592285156,1818100
2025-07-25,321.7425014718077,327.5089240012805,320.2759530379608,326.58111572265625,1383900
2025-07-28,329.30964106806135,331.22015136963716,321.7424663153855,327.88800048828125,1701400
2025-07-29,331.22018702958565,338.4431717269413,327.9279503609638,329.74365234375,2696000
2025-07-30,330.721339686986,347.3172754800285,330.721339686986,344.458984375,3026600
2025-07-31,348.6591116096612,353.1784697999191,343.4663206705278,347.02294921875,3581100
2025-08-01,335.64473460241726,342.57342857618636,326.24188546556115,339.96954345703125,2871900
2025-08-04,344.31934215175085,356.16145628924016,343.7666273458294,354.0564270019531,2899300
2025-08-05,351.20312038649854,352.94602613792557,338.163813021623,342.76300048828125,3380500
2025-08-06,342.8128612843769,343.2518301978685,331.519443684356,337.66497802734375,2946500
2025-08-07,334.47251932972,344.4390441297002,321.2436559298,335.61981201171875,3632000
2025-08-08,337.91440833871303,341.39623151263163,331.46959051377036,334.9763488769531,1961000
2025-08-11,335.4501766788556,337.5053353900684,327.2295418340044,330.7113342285156,1829800
2025-08-12,332.2676960432429,338.9320287179904,330.14272471489227,337.7747497558594,1890600
2025-08-13,338.9669492657276,341.9449232612814,321.74248797013354,326.8604431152344,2788100
2025-08-14,324.67557571869645,332.80642607696285,322.5007036324069,325.4437561035156,2020700
2025-08-15,327.1198537553449,327.1657357224911,318.92911580346475,321.47314453125,1749100
2025-08-18,321.7008755072448,325.62636392834816,319.41349159360135,322.4000549316406,1860300
2025-08-19,320.48227646360283,321.43019392558176,313.49029923882625,316.87139892578125,2122300
2025-08-20,313.5651765160483,315.1683478875802,304.4306692107539,313.849853515625,2638500
2025-08-21,314.6190066961781,317.8353174152163,310.3439133009287,312.16180419921875,1622600
2025-08-22,313.560204511259,317.6355146835341,308.84561326268994,309.80450439453125,1856300
2025-08-25,310.05423400256984,317.2559618831014,309.62970281749523,310.32391357421875,1386200
2025-08-26,310.41379424587103,318.11497923431585,309.9543300185025,316.2171325683594,1674000
2025-08-27,315.98741458677017,319.1237997557626,313.779956162001,315.577880859375,1369900
2025-08-28,316.93632509960366,323.59869391611454,315.43804427407906,319.1837463378906,1751500
2025-08-29,316.9862696889951,317.62552029053785,305.53941330914034,307.62701416015625,2326300
2025-09-02,300.14558805589996,307.10260156577704,296.6495995293728,306.8379211425781,2426900
2025-09-03,306.1686892344986,309.235178051169,303.5716934569975,308.12646484375,1374400
2025-09-04,309.6447051221463,311.80223317703866,306.89785693154664,308.7057800292969,1757700
2025-09-05,310.69349209493316,312.63127109138946,292.8190126033643,301.2343444824219,2821200
2025-09-08,303.8613148331335,304.4406671243012,296.0203061777205,298.4775085449219,2333700
2025-09-09,300.2654384725076,304.9500654247994,296.01034183856626,300.4752197265625,2081600
2025-09-10,308.1464201927185,327.9247206348053,308.1464201927185,319.63323974609375,4040700
2025-09-11,319.64323458433995,321.89163122023893,315.7476801309594,317.6355285644531,2263800
2025-09-12,317.6954516745053,325.03703353575963,314.91964512901114,323.1092529296875,1414800
2025-09-15,325.37665965069647,334.4762040963087,324.2379515670082,330.04132080078125,2049300
2025-09-16,331.65945799012457,332.47849502257935,321.13951577487364,322.5399169921875,2374000
2025-09-17,322.1603352743437,325.82614236458375,315.82160036729266,320.9067687988281,2171800
2025-09-18,324.80728864473633,329.75162741076616,319.22369926365604,322.3401184082031,1732400
2025-09-19,325.33669773368376,331.47964316936435,319.393535272579,330.520751953125,3416400
2025-09-22,332.58836181818424,346.93188822086347,326.1257763027732,346.7221374511719,2879900
2025-09-23,346.35259066730475,348.0406562010182,335.75476539418054,336.26416015625,2522700
2025-09-24,339.29965226774067,344.0052511733281,335.1154582289024,338.7413024902344,1735200
2025-09-25,334.6160394180179,336.17424898386395,324.6874297202603,325.9559631347656,2447800
2025-09-26,328.34324322776337,332.45851626815147,326.06585763829617,330.8803405761719,1263500
2025-09-29,334.51614843956236,340.1546979345603,322.19029558217056,333.88189697265625,2286700
2025-09-30,334.53614163903046,336.393995150526,326.8349565820763,328.6928405761719,2159600
2025-10-01,325.67627897057736,351.8462615009483,323.50878323045123,350.497802734375,2818400
2025-10-02,351.846272882955,357.2700420376899,342.81662543551477,357.05029296875,2161800
2025-10-03,358.45869256473253,376.3481694892463,358.27890617938505,359.58740234375,3355200
2025-10-06,367.20866176518274,368.07765977536013,352.5954244252432,363.6827087402344,2159900
2025-10-07,362.71381675495815,370.8844342323481,354.97269913302523,357.74951171875,2167700
2025-10-08,368.387275757002,376.0674581631687,363.29311516684686,370.57476806640625,3342800
2025-10-09,373.8010868443527,386.41658535046633,372.32277217425735,382.790771484375,2888800
2025-10-10,380.5633292973396,391.73050838976786,366.9589442925879,368.0676574707031,3084600
2025-10-13,375.88868372975264,386.55643540654336,374.8199028069907,380.4734191894531,3270500
2025-10-14,374.2705416177166,394.687116304631,365.74032138980317,389.1134948730469,3110900
2025-10-15,396.5200182404685,412.22700132789134,395.24648566205065,403.4870300292969,3537700
2025-10-16,406.43364094763524,411.21815960648325,394.26760790711205,396.0755310058594,3062300
2025-10-17,390.85149304603465,401.5492395555063,382.3911998528616,386.0570068359375,2882900
2025-10-20,395.48619926873897,398.0432627085093,367.7080758957444,369.575927734375,3072900
2025-10-21,368.94164543649464,369.12444959254026,354.79290248805256,358.3787841796875,2753700
2025-10-22,360.5862467249354,362.5240256694891,343.0763396198956,349.6587829589844,3571800
2025-10-23,353.59427370747875,367.11376463835904,353.3845229276959,365.3807373046875,2317500
2025-10-24,375.9985422958824,390.66771436965814,373.1717993513974,388.7439270019531,2999900
2025-10-27,392.29986298492736,395.1795543433272,383.7097134850452,390.7016906738281,2642300
2025-10-28,396.5749612352367,400.54041242291726,375.06963806684644,384.5088195800781,2865600
2025-10-29,381.642080803752,405.57762924587394,380.11383557165675,400.96990966796875,2615900
2025-10-30,396.6947946731217,400.5204219333505,381.5521668689985,382.0416259765625,2218200
2025-10-31,387.5552939660353,388.02475649504044,371.72046704539184,376.5679016113281,2383800
2025-11-03,380.48341181230194,384.53973133978286,374.73000403523076,377.2770690917969,2506700
2025-11-04,368.3673337327962,374.0108521010576,360.0668603656813,362.4041748046875,3192200
2025-11-05,364.5117464355063,370.55483082047084,356.6507711191979,362.83367919921875,3228300
2025-11-06,360.54627053888197,363.4629371396571,348.1504908301376,350.8973388671875,3909800
2025-11-07,335.09550255034344,358.6884257494343,331.73933774357437,357.979248046875,5775300
2025-11-10,366.7791602982924,378.3458749226003,352.26581450787614,360.5163269042969,2436300
2025-11-11,359.20780685709485,363.14329335730446,348.0306301420091,351.2669372558594,1830100
2025-11-12,354.2235439914304,354.58311674404507,345.80321339243386,353.6142272949219,1994300
2025-11-13,349.8286076350367,350.5877158605912,333.272592273618,335.3551940917969,3604300
2025-11-14,328.2733060722971,351.57658306313266,326.45538478067135,338.1319885253906,2732800
2025-11-17,336.68499755859375,347.989990234375,334.0799865722656,338.6700134277344,2129500
2025-11-18,333.75,344.54998779296875,333.75,339.3500061035156,3209900
2025-11-19,344.2749938964844,362.7149963378906,342.92999267578125,357.4800109863281,3337700
2025-11-20,368.25,379.20001220703125,345.0,345.7799987792969,4415000
2025-11-21,345.2799987792969,345.2799987792969,330.8599853515625,338.1099853515625,2948300
2025-11-24,339.75,355.5,336.7699890136719,354.1050109863281,2388300
2025-11-25,353.4599914550781,355.5400085449219,339.3399963378906,351.5950012207031,1635800
2025-11-26,355.3900146484375,361.1400146484375,355.0,359.0899963378906,1396100
2025-11-28,362.0,366.3080139160156,359.6000061035156,364.3599853515625,1073000
2025-12-01,359.3299865722656,361.2900085449219,354.0,359.04998779296875,2012500
2025-12-02,362.5350036621094,368.7099914550781,358.94500732421875,363.6700134277344,1974000
2025-12-03,361.19000244140625,365.4700012207031,355.2099914550781,361.260009765625,1559500
2025-12-04,360.9800109863281,374.45001220703125,358.5,368.6199951171875,2029800
2025-12-05,369.1650085449219,370.07000732421875,357.1199951171875,359.82000732421875,2018200
2025-12-08,362.7650146484375,364.25,354.0,357.6700134277344,1637900
2025-12-09,356.20001220703125,364.6600036621094,354.010009765625,359.1499938964844,1359900
2025-12-10,358.54998779296875,363.51800537109375,346.3999938964844,362.07000732421875,2382200
2025-12-11,360.75,380.0,354.3399963378906,378.6000061035156,2530300
2025-12-12,379.0,380.7799987792969,351.2200012207031,351.9800109863281,3778600
2025-12-15,356.6499938964844,360.9599914550781,350.6700134277344,357.1400146484375,2628800
2025-12-16,356.05999755859375,368.17999267578125,350.3299865722656,365.625,2496800
2025-12-17,368.5150146484375,372.0,334.17999267578125,340.9700012207031,4598000
2025-12-18,351.989990234375,371.239990234375,348.7799987792969,361.04998779296875,3773200
2025-12-19,361.20001220703125,368.6400146484375,354.19000244140625,355.3999938964844,5429500
2025-12-22,363.2749938964844,363.95001220703125,355.3999938964844,357.80999755859375,1390300
2025-12-23,353.1400146484375,364.30999755859375,353.0,361.3299865722656,1404300
2025-12-24,360.6199951171875,364.55999755859375,359.0,363.95001220703125,628400
2025-12-26,363.239990234375,363.3450012207031,358.3999938964844,360.4599914550781,758100
2025-12-29,360.0,369.0,358.0249938964844,358.3299865722656,1575600
2025-12-30,358.0,360.67999267578125,355.30999755859375,357.1199951171875,1198700
2025-12-31,357.7200012207031,360.4200134277344,352.9599914550781,353.2699890136719,1234600
2026-01-02,358.0,373.2300109863281,358.0,366.25,2330100
2026-01-05,372.3299865722656,378.5,349.5400085449219,354.94000244140625,3097300
2026-01-06,358.45001220703125,359.79998779296875,346.739990234375,354.5799865722656,2448400
2026-01-07,352.1099853515625,352.43499755859375,334.7900085449219,338.6300048828125,2812100
2026-01-08,337.0,338.6300048828125,321.6099853515625,322.5400085449219,4114300
2026-01-09,339.4949951171875,343.8800048828125,333.6700134277344,342.5199890136719,5908000
2026-01-12,334.6700134277344,339.989990234375,333.0,335.8599853515625,2485200
2026-01-13,335.8599853515625,343.6499938964844,332.5799865722656,333.5299987792969,2754400
2026-01-14,330.0,336.5899963378906,325.79998779296875,330.3800048828125,2447400
