2022-12-15,62.69267520904541,62.69267520904541,59.70730972290039,59.70730972290039,1318200
2022-12-16,59.70731443639664,59.70731443639664,54.73170490003026,56.463218688964844,2307500
2022-12-19,52.74145068953523,58.70223140944258,52.74145068953523,56.2243766784668,117200
2022-12-20,57.71706294577316,57.71706294577316,56.48311027458467,56.93091583251953,22200
2022-12-21,58.71218195731209,65.95666692305934,55.22925590899697,56.682132720947266,290700
2022-12-22,58.14496069904863,60.72133145509499,56.72193637747066,57.319007873535156,3253200
2022-12-23,57.80662348863552,60.35015447737533,56.72194061279297,57.21950149536133,125800
2022-12-27,57.697155871956504,58.70223091757888,57.09510769730201,57.169742584228516,26500
2022-12-28,57.647404158057185,57.71706237792969,56.72194061279297,57.21950149536133,514800
2022-12-29,58.21462864711367,58.49326155238568,57.468287254201954,57.71706771850586,374800
2022-12-30,58.453455480000244,58.712185474524354,57.448380348609916,58.095211029052734,351100
2023-01-03,60.383992318980745,60.383992318980745,55.59745499995708,55.72682189941406,1794100
2023-01-04,53.865937478984975,60.41383614455016,53.239009759103986,60.19491195678711,33338500
2023-01-05,60.34418401466308,62.67276912718549,57.856379569493335,58.71218490600586,8850600
2023-01-06,59.388868254917696,59.647598247965234,57.587696462861295,58.66242980957031,5902600
2023-01-09,58.50321055671718,59.68740411236267,57.44838009972913,57.81657409667969,5288900
2023-01-10,58.86145768692804,59.76701839921516,57.77179806973679,59.70730972290039,6663000
2023-01-11,60.145162408304465,66.05618474824608,59.78194506393144,64.67296600341797,9219400
2023-01-12,65.76759850625639,66.19550119948373,63.34945593683733,65.32975006103516,5819800
2023-01-13,64.68292487005314,65.180485830592,63.429072919774285,65.12078094482422,3772100
2023-01-17,63.628085861250355,65.40935857180683,62.951402740626584,63.02106475830078,3774600
2023-01-18,62.89170371917203,63.19023952463761,61.68760715267724,61.77716827392578,2610300
2023-01-19,61.03081773958835,64.1853518127598,61.00096150624247,63.628082275390625,2585600
2023-01-20,63.647985256618476,67.48915576091633,63.23003595005997,66.44427490234375,4001600
2023-01-23,67.02144999808799,69.56896690363817,66.45224174000096,69.18086242675781,3724100
2023-01-24,68.69324847440335,70.28544164672063,68.37480983993989,69.26046752929688,2591000
2023-01-25,68.12602884679806,69.35997759594858,66.62339299422331,68.37480926513672,2802100
2023-01-26,68.1758038360638,69.11121326406524,67.46926819458855,68.88233947753906,2075900
2023-01-27,68.52408650294505,70.1660389613701,68.02652561203908,69.7381362915039,2810600
2023-01-30,68.07627702753834,73.58924439325082,67.58866194331159,71.15119934082031,4259900
2023-01-31,70.66359933721733,70.76808287192708,68.16584155726574,69.18086242675781,3084300
2023-02-01,68.6633897286623,70.39489916992385,67.20055977621668,69.66846466064453,2698700
2023-02-02,69.25051706813026,71.53930006819176,68.66339889573021,70.30535125732422,2776000
2023-02-03,69.29033083301462,70.28545267081726,68.76291747372755,70.20584869384766,3074900
2023-02-06,69.56896835580045,71.99706037372667,69.20077055834452,71.50945281982422,2227400
2023-02-07,71.23080420162408,71.84777471948716,70.75314250479208,71.28055572509766,1932300
2023-02-08,70.86262537950464,71.0716000550326,69.67842795933566,69.82769775390625,1111900
2023-02-09,69.90729895804849,70.63374113475362,67.87724979254723,68.07627868652344,1186000
2023-02-10,67.86731678561634,69.20078420220203,67.85737103206938,68.9022445678711,1968100
2023-02-13,68.18572903021759,69.52914927063247,67.57871183600294,69.09129333496094,2223200
2023-02-14,68.61363422466783,72.81304877144915,68.37878545626222,72.25578308105469,3036000
2023-02-15,72.34534474673875,73.18125092490733,71.37012972974749,71.96720123291016,1773000
2023-02-16,71.25071575866181,71.46964375833967,69.99686022825546,70.5640869140625,1829400
2023-02-17,70.62379212303722,73.12154985233832,70.54418056056453,72.81305694580078,2408600
2023-02-21,72.26574775454849,72.74340196630395,71.897549955847,72.1164779663086,1835500
2023-02-22,71.91745764390303,72.64389998430427,70.49742431607774,71.58907318115234,2010200
2023-02-23,72.08661917104133,75.83822468078235,71.93037977826688,75.52973937988281,3763200
2023-02-24,74.47490465605031,75.40036814412103,73.85793405878722,74.64408111572266,2102900
2023-02-27,74.63412468401073,76.60446891622595,74.20622206546871,75.66905212402344,2139600
2023-02-28,75.66905535201123,75.96758730817696,74.93266741619108,75.6292495727539,3511800
2023-03-01,75.00233644835834,75.37052667327916,74.6440919755541,74.93267822265625,2534300
2023-03-02,74.42516210997827,75.10184525382131,74.136575870027,74.67394256591797,1391900
2023-03-03,75.1615530987565,76.52487278427054,74.75355708285264,75.9974594116211,2082700
2023-03-06,75.53969828738109,76.78360051770541,75.3307160315711,76.30593872070312,1874100
2023-03-07,75.9875005033142,76.46018183520063,75.55959782986214,75.87803649902344,1709400
2023-03-08,75.87804385523087,77.02243554328624,75.73076320430117,76.25618743896484,1641300
2023-03-09,76.624378763193,77.02242900247612,75.52974629929703,76.00740051269531,1683800
2023-03-10,75.50983540601361,76.15666605980047,74.13657012875836,74.60427856445312,3388600
2023-03-13,74.58437216983809,77.1020365762586,73.67881532473308,75.86808013916016,2272100
2023-03-14,76.31589299169612,78.37579480645672,75.97754763300466,76.7636947631836,1992300
2023-03-15,75.5595834431629,76.43528771857638,75.22123815100124,76.38553619384766,2326200
2023-03-16,75.58945464472995,77.0721840720816,75.38047996776177,76.2462387084961,1624600
2023-03-17,76.48506019994996,77.16174331033689,75.06203575864406,75.47003173828125,5803300
2023-03-20,75.12175430799186,75.44019303012031,74.1465390430514,74.83316802978516,1714100
2023-03-21,75.2809546474093,76.30592873633394,75.13168488086649,76.1467056274414,1401600
2023-03-22,76.4850668153588,76.67414239837515,74.34555329656989,74.40525817871094,1549800
2023-03-23,75.04212815201439,76.33578175690123,74.50476154364264,75.34066009521484,1393700
2023-03-24,74.89286259100683,76.11685805201364,74.52466482231817,76.08700561523438,1154800
2023-03-27,76.44525653512443,77.08213388110669,75.8929636312611,76.00740051269531,1196600
2023-03-28,76.00740421226365,76.56467761125536,75.77853043825506,76.52487182617188,760800
2023-03-29,76.98262076528643,79.08232830819823,76.68408119729669,78.85344696044922,1786000
2023-03-30,79.3908303669697,81.88759408778105,79.11219742725743,81.73931884765625,2188900
2023-03-31,81.84875738897058,82.18709511265628,81.18202769193643,81.62982940673828,1916200
2023-04-03,81.5999947775809,82.21697308103431,81.07258139193762,81.41091918945312,1913100
2023-04-04,81.59996667341179,81.75918976482335,81.07255346941697,81.19196319580078,1552700
2023-04-05,81.10243251837446,81.40097211666273,80.2565804461275,80.72428894042969,1410600
2023-04-06,80.57502060517352,80.66457793098066,79.69930848344589,79.76897430419922,1356700
2023-04-10,79.54008483480732,80.2366670496792,79.31120348296271,80.19686126708984,1579200
2023-04-11,80.19686126708984,80.29139905171746,79.56993727370515,80.19686126708984,1167000
2023-04-12,80.60984303358948,81.50048134435646,80.2137895162468,81.35121154785156,1232000
2023-04-13,81.2516774003503,82.7662479903079,80.98299032585271,82.53538513183594,1252800
2023-04-14,82.04779703557905,82.8737500288373,81.58009612332896,81.96819305419922,1163600
2023-04-17,81.76914731962623,82.83392722260429,81.59997845470822,82.31646728515625,861000
2023-04-18,82.38612585456566,83.74944530682865,82.38612585456566,83.25188446044922,1522000
2023-04-19,83.3812726221384,86.45619593322435,83.34146683139635,85.33171081542969,2422900
2023-04-20,84.95355548551032,85.89891821078902,84.26691897613654,84.58535766601562,1634900
2023-04-21,84.78437371405013,86.092961301146,84.67490970946236,86.05813598632812,1850600
2023-04-24,86.17755031586513,87.40155352658694,85.75960096280976,87.36174774169922,2692800
2023-04-25,83.09267821075655,83.09267821075655,78.39570165283723,79.99784851074219,7291400
2023-04-26,79.34106721540462,79.87842632498761,77.18164706420846,79.72916412353516,3489500
2023-04-27,80.42575501903713,81.14224403176085,80.22673366758183,81.1223373413086,1557000
2023-04-28,80.80388272067938,81.33130362337236,80.61481475166063,80.94319915771484,1617600
2023-05-01,80.68446482343043,81.33029324412934,80.33119329878997,80.38592529296875,1355800
2023-05-02,79.94807368121607,80.25656657069305,77.5100285546887,78.0772476196289,1879100
2023-05-03,78.0872029210679,80.0276872465948,77.6393935898243,79.32115173339844,1748900
2023-05-04,79.23160113028946,79.86847848039017,77.31101573609229,77.87823486328125,1751400
2023-05-05,78.1170525327147,79.14202665693082,78.1170525327147,78.60466003417969,1077400
2023-05-08,78.49520321340219,79.10222810611376,78.22652367356466,79.0325698852539,842300
2023-05-09,78.16682537668036,78.40565249799427,75.7486789458674,75.9974594116211,2499700
2023-05-10,76.12681088802029,76.38554465867779,74.60427588500806,75.52973937988281,1792900
2023-05-11,75.34066488207594,75.34066488207594,74.34554315716328,74.62417602539062,1504800
2023-05-12,74.52466721558238,74.64408455871055,73.90768899768484,74.55451965332031,2577800
2023-05-15,74.73365254203047,75.19140770111316,74.33560226694802,74.56448364257812,1187900
2023-05-16,74.90280846018756,77.8881736176505,74.85305692953557,77.40056610107422,2668900
2023-05-17,77.54984554669801,80.21677239024484,75.83425646076603,79.90828704833984,3716300
2023-05-18,80.02768119526164,80.73421665503297,78.83353825326023,79.3012466430664,1483500
2023-05-19,79.6993061782306,80.69343346369435,78.73404435079247,78.95296478271484,1312900
2023-05-22,78.99276488317545,79.06145448830581,78.35564676995504,78.72398376464844,1357700
2023-05-23,78.60454263752068,79.41388625667508,76.71309440190802,76.84251403808594,1382400
2023-05-24,76.62349986139648,76.79273273742658,75.73750704565222,76.18547821044922,1431900
2023-05-25,76.18548470442265,79.69959253529204,75.26962807896506,79.50049591064453,3127800
2023-05-26,79.41089117963513,79.83895572618782,78.0171997211369,78.0769271850586,2243100
2023-05-30,77.89773469807767,78.69413630170045,77.06151984981747,77.60903930664062,1775800
2023-05-31,78.1864345605756,79.37107992506962,77.39301776567211,79.15206909179688,4501500
2023-06-01,79.37107852542681,79.73940801575486,78.53485604904506,79.47062683105469,2355500
2023-06-02,79.93850921270575,80.50594288797693,79.54030841013596,79.60999298095703,2404500
2023-06-05,79.55027179482003,80.36060278300492,78.42535386918324,80.12765502929688,1416700
2023-06-06,77.6488572329889,82.80553805559701,77.44976063707747,82.5566635131836,23800600
2023-06-07,81.12314638540332,81.88968425446377,79.82900327933731,80.1176986694336,3883900
2023-06-08,77.00179305196204,78.04706931945199,76.40449558270322,77.39999389648438,15048600
2023-06-09,77.74841269003026,78.1466135135678,76.71309358685228,76.75291442871094,4894700
2023-06-12,76.9022358649791,77.95746152539695,76.55381301437401,77.91764068603516,5545200
2023-06-13,77.94751795329452,78.095841667041,76.35471463760723,77.43981170654297,4122300
2023-06-14,77.82805266012198,78.44526430276778,77.13120693056126,78.17647552490234,3322600
2023-06-15,78.30589008145647,78.813588682209,77.87284321075207,78.74390411376953,3277900
2023-06-16,79.14210855313799,79.73940596660476,78.13665322352222,78.29593658447266,5390600
2023-06-20,78.00724508598687,78.80364674042694,77.39999053336236,78.54481506347656,3151100
2023-06-21,78.43530086724115,79.63985272835168,77.93755178768896,79.26156616210938,2805700
2023-06-22,79.58012630606422,80.38647739502925,79.22174635651348,79.84890747070312,2229200
2023-06-23,79.50049131282779,79.9882833315379,78.65431931443914,79.4606704711914,7973000
2023-06-26,79.65976783518998,79.93851372927215,77.39003300586414,77.44976806640625,2500700
2023-06-27,77.59908102381208,77.99728181959831,75.84899957712702,76.7230453491211,3250400
2023-06-28,77.15111607195806,77.24070727080517,75.99633443093488,76.84251403808594,2920500
2023-06-29,76.92214943127611,78.34571228801622,76.80269449745545,78.3258056640625,1908200
2023-06-30,79.06247616590535,81.04352332657912,78.95695814216903,80.87428283691406,3429500
2023-07-03,81.04350392644211,81.09327427438879,79.54029966957403,80.32674407958984,1086900
2023-07-05,80.0081956092808,80.9240521595568,79.57514871389422,80.28693389892578,2655900
2023-07-06,79.6398601907715,79.90864137709383,78.64436193838685,78.76382446289062,2595900
2023-07-07,78.62444794788642,79.74736823082576,77.94750889589349,79.26156616210938,2892600
2023-07-10,79.76927740037584,80.41635282538206,79.63986535339437,80.2968978881836,2263000
2023-07-11,80.13760714928516,81.07835266854003,79.8489117524968,80.8941879272461,1793100
2023-07-12,80.92404956730996,82.28788483515504,80.92404956730996,81.32225036621094,2124800
2023-07-13,81.36207796254747,81.63085915697441,80.5358125653419,81.03356170654297,1476300
2023-07-14,81.13310104490628,81.79013348426737,80.86431988019841,81.45166015625,1791900
2023-07-17,81.37202048886945,81.98923210517157,80.7149956283336,80.82450103759766,2343200
2023-07-18,80.7428640276797,82.52181414284146,80.38647399585624,82.0987319946289,2842800
2023-07-19,82.40733513964585,82.56661848829837,81.2923820792706,81.38197326660156,2781700
2023-07-20,81.90979876667596,82.80109353786648,81.46166308915456,81.5114517211914,3113900
2023-07-21,81.74048757669628,82.79610058031075,81.68073059309644,82.2882080078125,7717700
2023-07-24,82.13883198540266,82.33800166363568,79.937966772396,80.29647827148438,4335700
2023-07-25,80.505610946384,82.00936713162024,78.25496464813546,79.87821960449219,4729500
2023-07-26,79.9280220231368,79.97582001572468,76.97030564313758,77.10972595214844,4148600
2023-07-27,77.67736773780612,78.54377188241065,75.93460628215021,76.54208374023438,3224700
2023-07-28,76.92050600770332,77.99604057051485,76.5719552506357,77.54790496826172,2910100
2023-07-31,77.39851994327424,77.7072352269121,75.95451316950493,77.67736053466797,3916200
2023-08-01,77.51802581866444,77.71222653172715,76.78108881701763,77.36865234375,2126700
2023-08-02,77.00017716742674,77.45827353500368,75.83501851960041,76.273193359375,3073000
2023-08-03,76.32299703581202,76.37279326234498,75.3669687495111,75.70555877685547,2053300
2023-08-04,75.66572285575197,76.47734655738381,75.3131832364217,75.58605194091797,1449600
2023-08-07,75.7852133913731,75.97442989407449,74.85906000116303,75.2773208618164,1668300
2023-08-08,74.97858960585098,75.15784540139606,73.01673662067373,73.62421417236328,2574900
2023-08-09,73.49472853883786,74.57025533277127,73.11629555034393,73.61422729492188,3028400
2023-08-10,73.9428849884124,74.27152185628637,71.82169789164311,72.0009536743164,3681600
2023-08-11,71.84162008282765,71.84162008282765,70.5669155252071,71.29389190673828,2898300
2023-08-14,71.20425907212541,71.57273139974814,70.55694610644767,71.50302124023438,2601100
2023-08-15,71.45320868816489,71.45320868816489,69.89966400374361,70.24821472167969,2476300
2023-08-16,70.91545285425705,71.98102670467046,70.12871962296686,70.377685546875,3697400
2023-08-17,70.40756726363327,70.50715972139822,67.95774323980365,68.10712432861328,3791900
2023-08-18,67.91789054710739,68.46561853451787,67.61415186278627,68.07723236083984,2929200
2023-08-21,69.04324979063547,69.2125448394232,68.31626576078374,68.68473815917969,2807800
2023-08-22,68.86398107615504,69.11294701815282,68.38596312447075,68.64488983154297,2168400
2023-08-23,68.6747685503766,69.24241062745796,68.52538745686297,68.70464324951172,2079500
2023-08-24,69.35194387096323,69.50132493779964,67.95773324355117,68.1469497680664,2623200
2023-08-25,68.12704149516776,68.60505183133252,67.3303474711101,68.30628967285156,3096600
2023-08-28,68.77434188544807,69.37186615934523,68.47558734633624,69.02330780029297,2438700
2023-08-29,69.04323929865822,70.20839812490968,69.04323929865822,70.18848419189453,2044300
2023-08-30,70.20839205224969,70.69636314621134,69.93951219169371,70.09884643554688,1889200
2023-08-31,70.21834921060463,70.83577982085237,69.5720316248184,70.1585922241211,3573300
2023-09-01,70.37769444420806,70.72624526217677,68.81418854831584,68.96356964111328,2097300
2023-09-05,68.84404768711315,68.87392997718902,67.13116868340795,67.38013458251953,3773500
2023-09-06,67.23074834433419,67.91788900641929,65.78674168202497,66.70294189453125,3140100
2023-09-07,67.80835482690469,67.88802574537615,65.55770836386313,65.6274185180664,2836900
2023-09-08,65.64733124942643,65.71704140235614,64.45229788553493,64.63155364990234,3103100
2023-09-11,65.04981838975144,67.07142054133783,64.93031200720547,66.34444427490234,3630500
2023-09-12,66.1054282339836,66.34444098723138,64.950230317967,65.12948608398438,2381800
2023-09-13,64.85064795524542,65.66725589888138,63.944408326247,64.2630844116211,3612800
2023-09-14,64.5917134831931,65.78674675997657,64.30291212843925,65.72699737548828,3945100
2023-09-15,65.7270135347962,66.22494545551436,65.30875254487411,66.15523529052734,6711100
2023-09-18,65.59754395444186,66.71290642392772,65.59754395444186,66.00584411621094,3205300
2023-09-19,66.22494499209078,66.47391095070768,65.07970006288551,65.84651947021484,3160400
2023-09-20,66.14526805416588,66.5237011395085,64.63155850630764,64.74110412597656,1796400
2023-09-21,64.3527162800538,64.62159614123173,63.52614756950677,63.625732421875,2172500
2023-09-22,63.56596446494678,64.53692978817203,63.4723515399696,64.06389617919922,2277800
2023-09-25,63.735264613623634,66.76269059451103,63.735264613623634,66.20500946044922,3214500
2023-09-26,65.91621278043563,67.12618338297104,65.84650263376078,65.93612670898438,3619900
2023-09-27,66.09547809075701,68.1280363159421,65.87638685584409,67.99757385253906,5470000
2023-09-28,68.45567194460304,70.28806519272138,67.72869566298586,69.49137115478516,4817700
2023-09-29,69.79013069229536,69.9096294750029,67.64902219401858,67.7585678100586,3146200
2023-10-02,67.7187366873581,68.37601042569747,67.29051496027454,67.55939483642578,1942100
2023-10-03,67.07140653421634,67.25066227168108,66.12533922960756,66.70294189453125,2726100
2023-10-04,66.86229086540264,67.78844444709546,66.19506398338667,67.59922790527344,2084400
2023-10-05,68.05731042463346,68.39590797785432,66.35139873980302,67.32037353515625,1894300
2023-10-06,66.73281971543331,68.70462532222275,66.37430822368322,68.17681884765625,2319800
2023-10-09,67.5394680668463,67.79839472647868,66.90211597993292,67.5195541381836,1600300
2023-10-10,67.71873481169862,68.3461262372326,67.33034855810558,67.90795135498047,2209000
2023-10-11,68.0274479719987,68.0274479719987,66.76270439640851,67.49964141845703,2032900
2023-10-12,67.43988790922627,67.62910443491941,65.89629620536864,66.23489379882812,2252100
2023-10-13,65.8564661397032,67.36022250876009,65.78675598208268,66.84237670898438,1984200
2023-10-16,67.35025311416224,67.41001009720677,66.05563498168857,66.60335540771484,1951500
2023-10-17,66.09548279315018,67.13118205143653,65.79672061558838,66.5237045288086,1596000
2023-10-18,66.02575587600461,66.2050116174842,64.82075430404763,64.9601821899414,1917700
2023-10-19,64.99007462143561,66.42477285033236,64.60150212463851,65.20925903320312,1669200
2023-10-20,65.28897480592899,65.28897480592899,63.62511900844246,63.814422607421875,2575000
2023-10-23,63.71478869689125,64.30261879235321,63.126958601429294,63.754642486572266,2412500
2023-10-24,63.78452576945283,64.82070147509296,63.724748886870906,64.43213653564453,2511200
2023-10-25,63.963870600802174,64.75096590823723,63.744682341001855,64.27273559570312,3179600
2023-10-26,63.88416488099038,64.50187961266866,63.34615012669012,63.67493438720703,3484900
2023-10-27,63.96386101453498,64.08342237541672,62.48930890365663,62.8679084777832,2606400
2023-10-30,63.30629442730726,63.435813537805224,62.120668934083994,62.937652587890625,4484200
2023-10-31,66.44471854548581,67.45099832180104,65.52809650180521,66.32515716552734,7555100
2023-11-01,66.50449062169957,68.19823490786122,65.75724915404003,68.02886199951172,4523300
2023-11-02,69.34401148176393,69.50342665454676,68.02886671164083,68.99530029296875,3115900
2023-11-03,69.68276808529129,71.63555843249084,69.37390307434248,71.30677032470703,4022800
2023-11-06,71.40639026712378,71.69532453642786,70.49974127153715,70.82852172851562,2350100
2023-11-07,70.98794445001991,71.19717116360728,70.4200411984731,70.4399642944336,1912900
2023-11-08,70.89827697674912,70.89827697674912,69.26928838278468,69.73257446289062,2062100
2023-11-09,69.8720518860109,69.88201723335207,67.79970811768261,68.05874633789062,1981500
2023-11-10,68.29786407185108,69.31410898768712,68.13844893138064,69.26428985595703,2773300
2023-11-13,69.31411834724935,70.29051721114428,69.0949263001709,69.75250244140625,1993200
2023-11-14,70.73885599652351,72.10381975716165,70.42003328763475,71.94440460205078,2634400
2023-11-15,71.73518063115108,72.36286072519368,71.21211008544896,71.25694274902344,2780100
2023-11-16,71.73517938094548,72.39275550724405,71.23701841302224,71.65547180175781,2946600
2023-11-17,72.26323378920453,73.10911019827711,71.76009391327963,72.73150634765625,2920000
2023-11-20,72.8211647442558,73.2196950284731,72.50234203714854,73.06028747558594,1787600
2023-11-21,73.22965351755339,73.41895709512711,72.32299701583945,73.11009216308594,1469300
2023-11-22,73.47873446171666,73.90715314975013,72.92079667314555,73.32928466796875,1123300
2023-11-24,73.54847692943362,73.56840002137774,73.12105401450859,73.43888092041016,558900
2023-11-27,70.9979030431928,71.25196239951781,70.29051538322926,70.87834167480469,4253600
2023-11-28,70.43995682479616,70.5246508773151,67.85450782306258,67.87940979003906,5167900
2023-11-29,68.048794309378,68.589796415067,67.21187989305605,67.4609603881836,3762900
2023-11-30,67.460949552608,68.42738293468773,66.14580505362639,68.20819091796875,3324600
2023-12-01,68.0986024467985,69.41374709134102,67.90730729825903,69.15470886230469,1898700
2023-12-04,68.63661504892367,69.50839671099222,68.51705368450303,69.11485290527344,1478700
2023-12-05,68.65655178508776,68.79603625518602,67.47092618791902,67.6801528930664,1896200
2023-12-06,68.13846662361719,68.4274009397428,67.61539600996454,67.79972076416016,1579700
2023-12-07,67.84951558286859,68.03881916433453,66.75356308237957,67.14212799072266,2089200
2023-12-08,66.93290712466778,68.37757087320708,66.8033880110929,68.26797485351562,1893700
2023-12-11,68.90562982588412,71.04771594090015,68.83587999198755,70.86837768554688,3051300
2023-12-12,71.03775460670325,72.12872070356057,70.97797012371596,71.78499603271484,2407200
2023-12-13,72.34292537114845,73.99681558050857,72.2532524578626,73.90715026855469,2628600
2023-12-14,74.06657178820612,76.01936954351106,74.06657178820612,75.64076232910156,4271300
2023-12-15,76.09907188033888,76.30829858888494,74.21104502855395,74.73411560058594,5699300
2023-12-18,74.72414340578786,75.23724858240097,74.2758015858863,74.78392028808594,1945800
2023-12-19,74.86363333216451,75.56105568101346,74.72414886239471,75.41161346435547,2441800
2023-12-20,75.08281379150574,76.30828538687722,74.60457596804436,75.16252136230469,2162200
2023-12-21,75.80017186720026,77.32454315579257,75.80017186720026,76.90608978271484,2992100
2023-12-22,77.01569353219175,77.42418159892362,76.70682854371938,77.29466247558594,2197800
2023-12-26,77.4142159873368,78.03691723434348,77.294662212765,77.85260009765625,1413900
2023-12-27,77.79281876344255,78.00204545831659,77.09538884586262,77.38432312011719,1365000
2023-12-28,77.54373314428281,77.67823112408182,76.96586463403752,77.25479888916016,1569500
2023-12-29,76.87619883839123,77.35442907738216,76.57729923802246,77.03560638427734,1786900
2024-01-02,76.29833037858408,77.12527935229068,75.42654874519441,76.08910369873047,2003100
2024-01-03,75.95957433848855,76.39795837696708,75.15753495972614,75.8300552368164,2692400
2024-01-04,75.72045746874086,76.66696014656726,75.57100767715454,76.28836059570312,2395900
2024-01-05,75.72045827745963,77.1651218751151,75.31196268284964,76.33818054199219,2377700
2024-01-08,76.71679344519035,77.16513530141454,76.02932883773528,77.07546997070312,1880600
2024-01-09,76.72675528970522,77.37436607571483,74.12635439915374,76.37804412841797,3507200
2024-01-10,76.05920442880313,76.32821557814691,74.60457547728646,75.88983154296875,3020600
2024-01-11,75.91971669803664,76.0442569207049,74.5049415928449,75.96953582763672,2305500
2024-01-12,76.02934740708221,76.21872551218243,75.15224177037432,75.91970825195312,1888300
2024-01-16,75.65060009809538,75.65060009809538,74.2950683426475,74.7236557006836,2831600
2024-01-17,73.99604222216384,73.99604222216384,71.78333601543898,72.51094055175781,3766900
2024-01-18,72.51094541091172,73.51762870665208,72.18202795720578,73.27841186523438,2421500
2024-01-19,73.20365465756889,73.87643960547551,72.95945700591841,73.86647033691406,3704600
2024-01-22,74.03591957171152,75.2020732033568,73.92628041615599,74.39473724365234,2414900
2024-01-23,74.38476972276175,74.48444721511942,72.4461611238754,73.42792510986328,2850400
2024-01-24,73.39801655955043,73.45781696470654,71.07567117121553,71.31488800048828,3594400
2024-01-25,72.09232770979165,72.85979416799861,71.18531429122247,72.63055419921875,2126500
2024-01-26,72.76012120255109,73.04916917190205,72.23186400503266,72.90962982177734,2334500
2024-01-29,72.6704263080861,74.17545907482649,72.26176989035437,74.13558959960938,2160100
2024-01-30,73.48771890207286,74.27511618815196,72.87972281713313,73.75682830810547,1673900
2024-01-31,73.68706895686726,74.22529544861595,72.71028585606601,73.11894226074219,3129600
2024-02-01,73.11894519677581,74.88312576474308,72.75015825123467,74.1056900024414,2593600
2024-02-02,73.78673796207931,74.11565541495719,72.28169765699454,73.6671371459961,2446600
2024-02-05,72.97941459412444,73.32826304160263,72.37141832666563,73.16879272460938,3365700
2024-02-06,76.49780224378298,82.83690411949651,76.30842414360669,81.69068145751953,12511200
2024-02-07,81.7704281343622,82.23689265889796,79.9065699737816,81.56111907958984,4278100
2024-02-08,81.26210222213258,81.87009845292044,80.17169519407439,81.79035949707031,2483800
2024-02-09,82.01959093431338,82.47807843363101,80.34511121299843,81.07270812988281,2755000
2024-02-12,81.35180341413937,83.03624498595063,81.12255583697437,82.8967056274414,2304300
2024-02-13,82.07939736606471,82.44519578855393,80.89331286274368,82.0395278930664,2529800
2024-02-14,82.32857892370393,83.165822679084,82.06943114176192,82.8967056274414,2214800
2024-02-15,83.66417605535054,85.45825670266228,83.64922595361394,85.34861755371094,2346100
2024-02-16,83.23559593905956,87.0031739895359,83.21565739880067,85.73734283447266,13131800
2024-02-20,85.64763733433466,86.52474294760454,85.29878894293894,86.10612487792969,6372600
2024-02-21,82.72727025427753,84.93000750154108,81.79035656741131,84.70076751708984,5838000
2024-02-22,85.16920658380843,87.81050015274437,84.72566916670154,87.35201263427734,4154900
2024-02-23,87.11281020962069,89.43515579031998,86.9483514774948,88.7773208618164,3815600
2024-02-26,88.64775510360892,90.41193572696938,88.4982464667046,90.32223510742188,3805100
2024-02-27,89.71423374022129,92.27578854370631,89.19494200943153,92.21598052978516,3993400
2024-02-28,91.94687371563583,93.65025771030326,91.69769519608127,92.71434020996094,3431900
2024-02-29,93.00338505628115,93.03328526092335,88.57797986976708,90.98005676269531,6144000
2024-03-01,90.75081083019599,92.75420045288398,90.27736560670895,92.41532135009766,2696200
2024-03-04,92.63460199714338,93.1927594061924,92.12129489325201,92.42529296875,2615200
2024-03-05,92.41533719592377,93.19277301615793,91.21927565344195,91.5083236694336,2804900
2024-03-06,91.25913448786282,93.77085811108955,91.14949533581505,92.79407501220703,2521200
2024-03-07,92.89374869353318,93.24260470303756,91.68772557601282,92.35552978515625,3014400
2024-03-08,92.49507018763349,94.18948109146422,92.18608365014906,93.56155395507812,2853900
2024-03-11,93.50173283548605,93.75091132197169,91.82725310212963,92.69439697265625,2123200
2024-03-12,91.88707461043117,92.19605354568675,91.3986792300481,91.5182876586914,3042200
2024-03-13,87.27229478601706,89.07136425968552,86.26561889759142,88.18927764892578,14434500
2024-03-14,87.81049397085678,88.74740747986144,87.47161489145216,88.03974151611328,4859000
2024-03-15,87.96000387570837,89.43514383051789,87.64105572390142,89.11619567871094,7314600
2024-03-18,89.60459740377058,90.66111189625845,89.19993325108344,90.31226348876953,2843900
2024-03-19,90.30229586987866,90.70098303043791,90.06308661527315,90.48170471191406,2996500
2024-03-20,90.18269030636179,90.81061741833065,89.853772845858,90.59133911132812,2016900
2024-03-21,90.95015307309848,91.87709740311234,90.82058298983878,90.90031433105469,2754900
2024-03-22,91.15946109997635,91.59801769130347,89.07633249982115,89.43515014648438,6178000
2024-03-25,89.514885199841,89.80393318299392,87.96001373602157,87.98991394042969,2436000
2024-03-26,88.18926321754029,89.04942641559921,87.41181986449294,88.7773208618164,2845200
2024-03-27,89.66439622759425,90.39200083975199,89.42019854451344,90.01324462890625,2629100
2024-03-28,89.9036086468611,90.85049160307213,89.35542045525743,90.61128234863281,2108000
2024-04-01,91.00995137013322,91.159459988474,88.89692259257419,89.23580169677734,1958200
2024-04-02,88.55805434819223,88.9467722743305,87.57130942832785,87.82048797607422,3010700
2024-04-03,87.96001391252632,89.75410222386012,87.82047455545866,88.7374496459961,4403900
2024-04-04,89.85377330933088,90.54150083427514,87.58126648744599,87.67096710205078,2728200
2024-04-05,87.67096449088949,89.2059049977837,87.56132534008816,88.17929077148438,1592500
2024-04-08,88.43843597893976,88.55305595896823,87.33208283793665,87.42178344726562,1692400
2024-04-09,87.84041201576444,87.9500511765088,86.16593200223504,86.65432739257812,4172700
2024-04-10,85.09944387714157,86.41510613482617,84.9599045168057,85.10941314697266,2926100
2024-04-11,86.19583960444312,88.62781686262825,85.32869559092711,87.92015075683594,3071000
2024-04-12,86.78389552222626,87.2423830911606,85.77223132910453,85.99649047851562,2227900
2024-04-15,87.31214808436505,87.6211346066485,85.23898106322123,85.84697723388672,1983600
2024-04-16,85.54797006781547,86.15596625612294,85.06954397046744,85.5978012084961,1868200
2024-04-17,85.78718566103716,85.9665945102751,84.88017974856926,84.91007995605469,1711600
2024-04-18,85.0895360672819,85.87223585971611,84.37165555070325,84.72062683105469,1815300
2024-04-19,84.75054028377303,85.35875065201687,83.85318010054412,84.24203491210938,2022700
2024-04-22,84.56110128878747,84.83031316579762,83.93295292077073,84.06256866455078,2113700
2024-04-23,84.7405688352202,86.3957007111049,84.54115883892256,85.98690032958984,1951300
2024-04-24,85.85728188986921,87.0238463061943,85.54819412323697,86.46549224853516,2020300
2024-04-25,85.74760257696902,86.42062459348494,84.49129836274085,85.69774627685547,1362900
2024-04-26,85.10948569607496,86.64496700997883,84.91007569977732,85.98690032958984,1790600
2024-04-29,86.046719143551,88.91826382530992,86.046719143551,88.67897033691406,4353000
2024-04-30,80.80215862255693,82.05846280970246,75.85671651663876,76.01624298095703,14433600
2024-05-01,76.2954129506349,78.89775329438902,76.27547499706317,78.03031158447266,5303300
2024-05-02,78.95760241479299,79.13707447051273,76.96347184324225,77.60159301757812,2995700
2024-05-03,78.26961619355525,79.82503543144081,78.26961619355525,79.23677062988281,2722700
2024-05-06,79.36639354010563,79.76522116734321,78.41918458154515,79.56581115722656,2389700
2024-05-07,79.76521365255927,81.44028344354315,79.4361803205616,81.1910171508789,3225500
2024-05-08,80.77225087681578,81.33558752039673,80.01447922398589,80.87195587158203,2748400
2024-05-09,81.2608044736488,82.51710861142308,80.92180599591768,82.48719787597656,1952700
2024-05-10,82.92590695823121,83.23399820400444,82.4672579006424,83.15523529052734,1856300
2024-05-13,83.64379758335886,83.7534753620361,80.34351426226264,80.79219055175781,1885300
2024-05-14,80.76227840336436,81.45025580178229,80.06433583033423,80.28368377685547,2500700
2024-05-15,80.95171339132136,81.99862712376883,79.9047920518713,81.66960144042969,1956200
2024-05-16,81.26081017022436,81.72444181615295,80.66257259834732,81.07136535644531,1627100
2024-05-17,80.76227436853387,81.63968893179434,80.18397477576978,81.6197509765625,1321000
2024-05-20,81.72943398680265,82.427376569703,81.23090139701563,81.51007843017578,1248500
2024-05-21,81.51008671755413,81.7593530377913,80.8619927635366,81.69953155517578,1150200
2024-05-22,81.3306088700144,81.64966943291304,80.13413366089547,80.3833999633789,1633600
2024-05-23,80.7423423099264,80.7423423099264,78.99747823009213,79.09718322753906,2034900
2024-05-24,79.6056812098267,80.02445437143133,78.67841788478343,79.61565399169922,1433900
2024-05-28,79.13707358968104,79.48604491441732,78.26962406218998,78.51889038085938,1854800
2024-05-29,77.84088265837188,78.68838658744185,77.68135617627831,78.21976470947266,2397000
2024-05-30,77.77108204080137,78.69835293864492,76.71419541141108,78.33940887451172,2750100
2024-05-31,78.49894090792095,78.49894090792095,76.68428267846899,77.77108001708984,7002100
2024-06-03,77.83090166827667,78.56873534203773,76.02621621594895,76.92357635498047,3059500
2024-06-04,76.82387386136008,77.59161068988257,76.026218688061,77.29248809814453,1967200
2024-06-05,77.23265574130336,77.55171624426993,76.39512477364207,76.73412322998047,2637500
2024-06-06,76.42504604932151,76.92357862941232,75.53765866532015,76.77401733398438,2474900
2024-06-07,76.49482583697979,76.80391354392991,75.68720564423808,76.11593627929688,2357000
2024-06-10,75.74703910816979,75.78692262619172,74.99924026101581,75.5575942993164,2115500
2024-06-11,75.32827306376119,75.32827306376119,74.29132442329939,74.52064514160156,2655600
2024-06-12,74.97929537829465,76.0062788609132,74.78985817472702,75.74703979492188,3081600
2024-06-13,74.94939484963108,77.10305949365878,74.91948410852031,76.76405334472656,2530200
2024-06-14,75.97636075514708,76.38516111460788,74.88956340204984,76.26551055908203,2576800
2024-06-17,76.03618803886819,77.63149070648213,75.73706546062668,77.32240295410156,2190500
2024-06-18,77.08311667721232,78.48898241558979,76.9435281423811,78.04029846191406,2032500
2024-06-20,77.7710870542317,79.86492249198331,77.62152575003432,79.20686340332031,3408100
2024-06-21,79.59571159934305,79.86491583886925,78.25964036201891,78.9376449584961,5115500
2024-06-24,79.0971936385327,79.4062814534023,78.42916170000595,78.61859893798828,2270100
2024-06-25,78.74821934269231,79.04733436317798,78.14000891193238,78.5787124633789,1798500
2024-06-26,78.62855663609494,79.05729494559749,77.73617908623345,77.77108001708984,2426200
2024-06-27,77.78105609858679,78.86785348332047,77.66140553957794,78.58867645263672,2192600
2024-06-28,78.9775296541846,79.41424771973061,77.00334491621848,77.69131469726562,9422500
2024-07-01,78.12006429087899,78.12006429087899,75.99631795243627,76.03620147705078,3081400
2024-07-02,76.03620091241666,76.4848772487403,75.45790122030726,76.10599517822266,2171300
2024-07-03,76.14587898843506,77.1229987133877,76.08604989823068,77.01332092285156,1346700
2024-07-05,76.9734279314721,77.02328423267655,76.32534165783558,76.8338394165039,1689500
2024-07-08,76.77403241838222,77.41215363771487,76.08605488844343,76.12593841552734,1662000
2024-07-09,76.125930985208,76.77402492480526,75.5177205688018,76.6444091796875,2152500
2024-07-10,76.70422459710545,78.98750477200971,76.70422459710545,78.9077377319336,2475300
2024-07-11,78.95759206387667,80.48310053400631,78.95759206387667,79.70539093017578,2540600
2024-07-12,80.05436059869332,81.08631905773412,79.70538932285835,80.04438781738281,2579000
2024-07-15,80.01449525453387,80.39337735335441,79.61566758856199,79.95467376708984,2483200
2024-07-16,80.21388588968357,82.71652147173317,79.95465443543381,82.3974609375,3524300
2024-07-17,82.34760162077495,83.37458504698503,81.71945335649364,82.22795867919922,2567800
2024-07-18,81.70949462499482,83.25993140118986,80.6526078886704,80.74234771728516,3233900
2024-07-19,81.02162453865175,81.17622570055197,79.70501103076798,80.23365020751953,2428200
2024-07-22,80.87199736612493,81.17122317346723,79.8945081319008,81.02161407470703,2439400
2024-07-23,80.67250690930709,81.0016621504037,80.2934845045977,80.61266326904297,1529000
2024-07-24,80.7922098226082,81.28095068955015,79.42572155891185,79.4855728149414,2517000
2024-07-25,80.20372957148336,80.8520560523005,79.52547365678375,79.71498107910156,2512400
2024-07-26,80.53286972878246,81.47844341777335,79.79477023486025,80.29348754882812,2532900
2024-07-29,80.47301998051229,82.24745537931373,80.3134267994367,81.83950805664062,2790400
2024-07-30,82.32825460526554,83.86430483617882,80.79220437435228,82.43797302246094,5269100
2024-07-31,79.89451004666998,88.02360356968771,79.79476810849877,84.41288757324219,8043400
2024-08-01,83.88425931184403,84.78195209124536,82.00908475806808,83.1860580444336,3561600
2024-08-02,82.58760213279096,83.31572525456122,80.58774054543674,83.22595977783203,2986200
2024-08-05,81.75973279988789,82.15870824686088,79.53544981964444,81.31088256835938,3589100
2024-08-06,81.89936606584503,82.7172622378227,80.96177498705732,81.34080505371094,2686700
2024-08-07,82.01906031991969,82.44795755363022,78.57790597229159,79.13646697998047,2401200
2024-08-08,79.71497343140118,82.18861465058436,79.47559125206806,82.10881805419922,1632600
2024-08-09,82.108826709152,83.25587817117464,81.10640754455063,83.1860580444336,1584300
2024-08-12,82.98656405375462,82.98656405375462,81.50038848047198,82.15869903564453,1564400
2024-08-13,82.97658936827513,84.27324982237297,82.30830238219929,83.95407104492188,1766200
2024-08-14,83.97403652200178,84.01393482636097,82.5377280043654,83.2558822631836,1904600
2024-08-15,83.75458687706517,85.71953431053768,83.75458687706517,85.0811767578125,2319400
2024-08-16,84.7121298977516,84.93156675067637,83.94410852233781,84.58246612548828,1341700
2024-08-19,84.48271374266503,85.39038294763256,83.9341292385158,85.37042999267578,1439000
2024-08-20,84.94154195092918,85.48014998750537,83.62492085318317,83.72467041015625,1464200
2024-08-21,84.42287600698536,84.42287600698536,83.32569931206261,84.26329040527344,984300
2024-08-22,84.56251637041116,84.56251637041116,83.73464370661522,84.15357208251953,944800
2024-08-23,84.78194446794197,85.35048190880468,83.73463505117373,84.56250762939453,1511800
2024-08-26,84.42286347628782,85.20086124248705,83.95406799926467,84.27324676513672,1475100
2024-08-27,84.31313819905515,84.48270023997384,83.81442094236151,84.19345092773438,1208100
2024-08-28,84.20343201384782,84.20343201384782,83.11623188918969,83.71469116210938,1131300
2024-08-29,84.03387329053203,84.78194931388987,83.46533581717297,83.86431121826172,1264700
2024-08-30,84.23334819506526,84.66224537373603,83.37555383772373,84.60240173339844,1838600
2024-09-03,84.34307631693969,85.34749684050536,84.1136705960259,84.58246612548828,1963900
2024-09-04,83.99397316030084,87.49497100412462,83.99397316030084,87.32540893554688,2008000
2024-09-05,87.17579661473181,88.27297329187525,86.45764239410758,87.06607818603516,2321000
2024-09-06,87.00623672979842,87.52489945230467,84.79193036368976,84.87171936035156,2696500
2024-09-09,85.14101638483507,86.23819290122184,84.50265886221652,84.9016342163086,1659600
2024-09-10,84.99140415637767,85.51007442698707,84.62235060266799,85.33053588867188,1558900
2024-09-11,85.04128226068893,87.18576832733288,82.92671801663167,86.9663314819336,2630300
2024-09-12,86.79676775858643,87.24561795764636,85.8192859745258,87.23564147949219,1393200
2024-09-13,86.387816424096,86.92643205313047,85.49012370903856,86.68704986572266,10515100
2024-09-16,86.92643368454742,87.02617563035407,85.6347576032681,86.41773986816406,4680200
2024-09-17,86.41775081114383,87.9637778012978,86.12849380480041,86.56736755371094,3144200
2024-09-18,87.19574144369426,89.4599225208325,86.7718362533564,88.30289459228516,3508400
2024-09-19,89.43996001656825,90.55708952385349,88.54226734194815,90.38752746582031,3128100
2024-09-20,90.11822100148227,90.89621882727853,89.36516056442514,90.04840087890625,9492300
2024-09-23,90.26784338551707,91.37898409583923,90.09828130717253,90.64686584472656,2908800
2024-09-24,90.76655467345306,92.10311347417148,89.5696361172926,91.97344970703125,3537800
2024-09-25,92.55197121883114,93.29007080190954,91.91361358862986,92.77140808105469,4044700
2024-09-26,90.78651614391893,92.48215994445195,89.1507236087005,92.25274658203125,5273200
2024-09-27,92.44223773158748,94.3074431468771,91.65426349549685,91.7540054321289,12623800
2024-09-30,92.27269397222467,94.0780484956053,92.15299905864242,93.6092529296875,3977300
2024-10-01,93.57933128173383,93.57933128173383,90.91618223050718,91.43484497070312,2615400
2024-10-02,91.39493267081836,92.24275819662016,90.73662977022835,90.80644989013672,1763400
2024-10-03,90.27781037828896,90.60695802230924,89.29034461676123,89.64942169189453,2592900
2024-10-04,90.40748036404462,91.23535298924863,89.68932616434104,91.18547821044922,1988600
2024-10-07,90.76656297037768,91.06579644168187,89.48485565374014,89.82897186279297,2623400
2024-10-08,90.00850152200414,90.78350867840898,89.62947909101669,90.45735168457031,2075400
2024-10-09,90.56706932434896,90.78649855524448,89.7641341261704,90.53713989257812,2122900
2024-10-10,90.06835317066574,90.6269141471612,89.56464379524084,90.01847839355469,2269300
2024-10-11,90.4473776532625,91.37499221586503,90.15812068107218,90.79647827148438,1372100
2024-10-14,90.81642655175656,91.56450252793307,90.33765457868176,91.38496398925781,1342800
2024-10-15,91.65426809679334,91.71910378327901,90.37755298023562,90.477294921875,2474300
2024-10-16,90.80645972070663,90.88625632633266,89.73421280839256,89.98856353759766,1823100
2024-10-17,90.50722427014695,90.68676282395757,90.02845986653396,90.58702087402344,1711100
2024-10-18,89.85864334897443,91.37524922850625,89.78381407729948,91.13578033447266,1609500
2024-10-21,90.68678722571451,91.24553273989805,89.31984753584496,89.59922790527344,1675400
2024-10-22,89.06043740076831,89.3597621027006,87.49893394312569,89.11032104492188,2210200
2024-10-23,88.4518016716375,90.15797761382632,87.91300806689307,89.09037017822266,2116600
2024-10-24,89.3597686513248,89.77883544447995,88.40191583273985,88.70124816894531,1291700
2024-10-25,89.06044655534382,89.4495740364903,88.1025937084957,88.22232055664062,2035500
2024-10-28,86.46625579222552,86.77056658849182,84.71018853541435,85.73788452148438,4223700
2024-10-29,85.46849605347191,86.50616425650045,84.81994771732579,85.07936096191406,3762300
2024-10-30,89.52939307746328,89.9584320265913,85.6081791138683,87.00504302978516,4700400
2024-10-31,85.927463053396,87.94792964273803,85.80772859863086,87.15470886230469,3259500
2024-11-01,87.0150131642666,88.24226645424771,86.52611084785826,86.7555923461914,3383300
2024-11-04,87.40414613539436,87.72343038855517,86.35649824799346,86.7955093383789,1431700
2024-11-05,86.61592494176728,87.99284468270243,86.61592494176728,87.97288513183594,1656200
2024-11-06,89.7189546111124,89.79877757369425,84.88478586708798,86.58597564697266,4163100
2024-11-07,86.9152413931225,88.68128070455894,86.74162682665857,88.13251495361328,2497300
2024-11-08,88.60147018971266,88.91077467735573,85.6480812526966,85.74786376953125,10190500
2024-11-11,86.80548233516836,86.95514848235146,84.28114021626891,85.19908142089844,4367000
2024-11-12,85.22902282518375,85.71793280243223,84.53059087531065,84.73014068603516,3918900
2024-11-13,84.92969927126026,85.21405813605067,83.0688633858898,83.9917984008789,3014800
2024-11-14,83.46298277837329,84.50065853352909,82.51510215367134,82.73461151123047,3061100
2024-11-15,82.62484966941892,82.6348294427166,81.33773295813727,81.57720184326172,3768400
2024-11-18,81.7168907162123,83.29834608322133,81.70192486197695,82.5350570678711,2918000
2024-11-19,81.81667614485532,83.0439296364568,81.52732357183811,82.33551025390625,2513600
2024-11-20,82.31555399872377,85.09931728379746,82.2257588664653,84.71018981933594,6103400
2024-11-21,84.41085895786428,85.06938705524989,81.65702733556206,81.8166732788086,4930600
2024-11-22,81.77675372875245,82.39537027932285,80.37988231244509,82.25568389892578,5934900
2024-11-25,83.17362107680741,83.31330745037202,81.71688631510763,82.47518920898438,5272900
2024-11-26,82.59492400591702,83.24347229566554,82.20579655453534,82.32553100585938,2040900
2024-11-27,82.66477169699725,83.71741335027211,82.53307064447877,82.81443786621094,1808000
2024-11-29,83.06387488618249,83.32329572599015,82.70467914255256,83.03394317626953,1277700
2024-12-02,82.70467894634827,83.06387468912605,82.20579681608325,82.89425659179688,2247000
2024-12-03,82.29559610958832,82.87429357107084,81.85058650828333,82.38539123535156,2026700
2024-12-04,82.43528205062857,83.02395928260631,82.31554760458064,82.82440948486328,1932700
2024-12-05,82.57497264466156,83.14369797081727,81.17810115217853,81.38264465332031,2269200
2024-12-06,81.18807909148703,81.7867361140685,80.2900897514463,81.05836486816406,3177200
2024-12-09,81.17810243243088,81.93640541671003,80.87877010348619,81.7168960571289,2372600
2024-12-10,82.23572859307262,82.8144336916135,81.46245976806301,82.17586517333984,3124600
2024-12-11,81.86657042037189,83.1437076087422,81.59716977487427,82.56500244140625,3890100
2024-12-12,82.1459340622708,82.43528661365046,80.65925982114734,81.44749450683594,2370000
2024-12-13,81.21801825802925,81.30781339410959,80.43976329598193,80.91868591308594,2836000
2024-12-16,80.5794546337944,81.59717096678742,79.91094670408145,80.11050415039062,2908800
2024-12-17,80.16038202857804,80.64929202756454,79.03291108441387,79.07282257080078,3557100
2024-12-18,79.19254952033984,80.19031374838443,76.80789362430025,76.91764068603516,3264100
2024-12-19,77.13714727035064,78.00520485808816,76.77795155213762,77.25688171386719,3384400
2024-12-20,77.39658097374085,78.85331602347058,76.71909812183038,78.73358917236328,11179900
2024-12-23,78.60387053428855,79.17259588222954,77.35666515614272,79.10275268554688,2495700
2024-12-24,79.36216928044972,79.61161034270445,78.55896875549595,79.18257141113281,1035700
2024-12-26,78.92314728212203,80.00073445306461,78.79842675619823,79.53178405761719,1622000
2024-12-27,79.14265960117301,79.69143298080421,78.71362067137144,79.33223724365234,1533000
2024-12-30,78.94310463683107,78.98301611749872,77.42649882080691,78.42426300048828,1850600
2024-12-31,78.8233772727774,79.09277027605344,77.79568129339744,78.00521087646484,1877800
2025-01-02,78.7435512886852,78.7435512886852,77.54623725634204,78.20475769042969,2658500
2025-01-03,78.37438428651555,80.43975596381803,78.2147383538076,80.33997344970703,2712600
2025-01-06,80.33997086075397,82.21577244793943,80.24019596219527,81.53729248046875,3746500
2025-01-07,81.6969347820764,83.25345220242181,81.26789584623603,83.18360900878906,3382000
2025-01-08,84.46073776344365,87.10481431294681,84.10154205644432,86.067138671875,4432600
2025-01-10,85.18911222191157,85.87757201700715,84.21130748197318,84.57050323486328,3792000
2025-01-13,84.949649577556,85.3537428900677,83.70943236217978,85.16915893554688,2903800
2025-01-14,85.73312110640764,85.83293693308366,83.6669022708306,83.97633361816406,2821300
2025-01-15,85.06435043643786,86.09246796584628,82.7086602689472,83.5072021484375,4148700
2025-01-16,83.60702393265058,85.19411632143344,83.22671546062783,84.84475708007812,2115900
2025-01-17,86.18230418876554,86.18230418876554,84.42552415179297,84.5852279663086,2855000
2025-01-21,84.98449458583428,87.45996831582116,84.48540781583739,87.18047332763672,2861800
2025-01-22,87.0607020045118,88.10877970794081,86.59455207314326,87.17050170898438,2381200
2025-01-23,87.17049940250459,88.5080483263833,86.70135660770953,87.99898529052734,1696900
2025-01-24,87.35017162500631,88.6178487136474,86.86106109043628,88.50804901123047,2008400
2025-01-27,88.71765392401286,89.52617960093997,88.00895168493636,88.82745361328125,2376800
2025-01-28,88.58790426317847,89.15686289298274,87.53981896937378,87.61967468261719,2406800
2025-01-29,87.62964907761135,88.44815101122376,87.38010571229708,87.68953704833984,1336100
2025-01-30,88.3882705457822,89.58607575481588,88.24852685857694,89.38644409179688,1618700
2025-01-31,88.96720351854694,89.63598556787232,88.05886957107218,88.13872528076172,1775500
2025-02-03,87.25035049251746,88.32837209962078,86.20226525689363,87.35016632080078,2142300
2025-02-04,87.52983898816237,87.86921433179994,86.60153730376716,86.77122497558594,2488900
2025-02-05,86.85107653787561,87.62965063300202,86.14237428165903,87.01078033447266,2346900
2025-02-06,87.35016615095077,90.5742623294445,87.20542672708076,88.38826751708984,3252700
2025-02-07,88.6378042762537,89.19677896418115,87.33818051136342,87.47991943359375,1671400
2025-02-10,87.8392738560268,88.118761236186,86.70634472566857,87.3401870727539,2036400
2025-02-11,86.65144095106871,87.81930975879241,86.57658098315162,86.87104034423828,2392400
2025-02-12,85.78303851314698,86.51170095009083,85.34383970811128,85.74311065673828,3656300
2025-02-13,89.83561054864143,94.62684615741927,89.47626749721015,93.30925750732422,7832700
2025-02-14,93.02976215032356,93.03974601711523,91.01345513957034,92.04157257080078,3946400
2025-02-18,92.08151658732656,93.08967407741372,91.95674488463371,92.50074768066406,3262700
2025-02-19,92.1114536647308,92.97986739186621,91.43269534840262,92.35101318359375,3284000
2025-02-20,92.16135819227748,92.96987626497311,91.37280023815367,91.92179107666016,2341200
2025-02-21,91.37281245096764,91.57244412520546,90.26483914338917,90.92362976074219,2854700
2025-02-24,90.47445100728594,91.53251254555406,90.20594512172526,90.40457916259766,2769000
2025-02-25,90.9236218873998,91.22307698828607,89.84560027822025,90.64413452148438,2310900
2025-02-26,90.20495141199795,91.48261240773427,89.99034012691556,90.54432678222656,1845500
2025-02-27,89.94541953339488,92.02960335473179,89.11693365611121,89.2367172241211,3926200
2025-02-28,89.79568598626898,90.09514107858475,85.73312019836284,87.1904525756836,4214400
2025-03-03,87.33020038861042,88.8174844379341,86.13239519356527,86.29209899902344,3556300
2025-03-04,86.46179967532902,86.46179967532902,82.55893725737043,84.15601348876953,3998900
2025-03-05,83.84657248379182,85.3318535892308,83.63695696643745,84.60518646240234,3111100
2025-03-06,83.84657708984302,85.71316434519431,83.46727388743066,85.2540054321289,3946100
2025-03-07,85.34383057986041,86.78120279499444,84.54528876801726,86.42185974121094,4076700
2025-03-10,85.61833686581497,87.1804732764759,84.71499103112427,85.20409393310547,3552100
2025-03-11,87.18046596195643,89.0670207993769,84.78485576073882,85.43366241455078,4276600
2025-03-12,85.56343815186311,85.9327574924503,83.60202316086144,83.636962890625,2819700
2025-03-13,83.48722602846978,83.96635263113807,81.01176015848415,81.30122375488281,3605700
2025-03-14,81.99995351477614,82.1796250471304,80.25414753696269,81.82028198242188,5207300
2025-03-17,81.69051987256964,82.74359327496454,81.47092808802904,82.31937408447266,2526800
2025-03-18,82.00994271128918,82.22953449580598,81.08164100304424,81.98997497558594,2899900
2025-03-19,81.73044198453708,82.47408397037387,81.63062615940458,82.24949645996094,3124200
2025-03-20,81.90014300235292,82.52898959865924,81.40105622626413,81.66057586669922,2731100
2025-03-21,81.00178067285206,81.6805389543261,80.00360717747608,81.34115600585938,4304400
2025-03-24,81.9999486029199,82.63877898736658,81.33117423411774,81.55076599121094,4453600
2025-03-25,81.81030044908263,82.73860212348544,81.33118142610931,82.30938720703125,3730100
2025-03-26,82.24950291861185,82.70866184264428,80.33799963615932,80.85205841064453,2859100
2025-03-27,81.24133789818245,82.64876614256293,81.02173851689251,81.51084899902344,3074600
2025-03-28,81.27128170989529,81.63861338328493,79.63927357740339,79.86386108398438,3189800
2025-03-31,79.55443406925625,80.86204668341828,79.05534726175662,80.56259155273438,4151200
2025-04-01,80.22320922738503,80.69234438879552,79.18510784388631,79.42466735839844,2996300
2025-04-02,78.63610728466736,79.73409661399302,78.55625157678126,79.21504974365234,2806100
2025-04-03,76.3952126123509,76.45010484410643,70.32132015255856,71.86849212646484,9331400
2025-04-04,63.24427177666211,63.68047385795508,57.933989211793374,60.39947509765625,16890600
2025-04-07,60.41944217411634,63.62857020528191,58.74750228338099,60.878604888916016,9299600
2025-04-08,63.074581492882956,64.31231829648381,57.94397036103343,58.64269256591797,7418900
2025-04-09,57.59461447738381,65.41031137769373,57.544706561533054,64.86132049560547,8488500
2025-04-10,63.57367289387734,64.08273973590396,59.58796582402489,62.1662483215332,7636300
2025-04-11,62.226139195926166,63.480843316536294,60.74784517512264,62.695281982421875,7221500
2025-04-14,63.80324192688574,64.6666674013759,63.124487517713796,64.27238464355469,4896000
2025-04-15,64.38219331918933,64.68164842732295,62.54555385358854,62.98474884033203,5405800
2025-04-16,62.984746302024966,63.578660752763845,60.58913218760922,61.367706298828125,6206900
2025-04-17,61.876781227424715,62.72522723811591,61.58730997851408,62.25608444213867,4474000
2025-04-21,61.61725432215078,61.692118101814884,59.84050657728792,60.369537353515625,5755100
2025-04-22,61.47751132074011,62.2261415103216,60.63904535609966,61.53740310668945,4508800
2025-04-23,64.38219727975458,66.95748699865521,64.15760974256841,64.771484375,6292800
2025-04-24,64.92120649464108,67.2669127377676,64.65169538024799,66.95748138427734,6555800
2025-04-25,68.90992552809752,70.7275493459453,67.84132263990297,68.33068084716797,5508600
2025-04-28,68.24081052095141,68.71019824796946,67.19217804061594,67.98114776611328,3896300
2025-04-29,67.79139653890535,68.45053872785017,67.02240493790595,68.0011215209961,5692100
2025-04-30,72.40536291205292,72.5052308542514,69.74883145684714,70.23819732666016,12759300
2025-05-01,70.22821530978737,70.82743064267966,67.5417239636727,67.58167266845703,8115300
2025-05-02,69.80875996727862,71.11704756569499,69.2794530036273,70.43793487548828,7209400
2025-05-05,69.83871601938286,70.49785051532938,69.09968412409879,69.27944946289062,5927300
2025-05-06,68.3906110522247,68.88995836311601,66.98244797818228,67.0024185180664,5677400
2025-05-07,67.38691808865677,69.21952180550672,66.86260188827345,68.73016357421875,5304500
2025-05-08,69.39929049290511,71.30680097015541,69.01978926125794,70.40797424316406,6022300
2025-05-09,70.65764182598365,71.71625564692405,69.6988959395675,69.77879333496094,5724400
2025-05-12,76.8495410673389,77.6484997394414,73.41403706394121,74.01325225830078,8031200
2025-05-13,74.25294518113012,75.59119996481992,73.5738325191313,73.73362731933594,4751000
2025-05-14,73.41404236834005,73.84847208223863,72.62507271797777,72.74491119384766,3849400
2025-05-15,72.18565205417346,72.96463270491928,71.46159991697694,72.81483459472656,3448000
2025-05-16,72.81483184258579,73.13441383131108,71.95095546946764,73.03453826904297,3309100
2025-05-19,72.14569208563755,73.19432440985155,71.78616143844616,73.00457000732422,2418500
2025-05-20,72.50523132768117,72.90471071851908,71.69629108532523,71.75621032714844,3268200
2025-05-21,71.32676834323264,71.39667666225854,69.31939763144516,69.48917388916016,3225900
2025-05-22,69.3193979851644,70.02347190914823,68.13394337431892,69.34935760498047,2835100
2025-05-23,68.41058291615829,69.26946091706928,68.35066367591092,69.0697250366211,2486600
2025-05-27,70.28812252433033,71.29680619400403,69.67891821467508,70.91730499267578,3183800
2025-05-28,70.91730464445081,71.35672508082187,70.4079682724424,71.05712127685547,2448600
2025-05-29,71.70628208331134,71.90601797435465,70.68760922845725,71.43663024902344,2807600
2025-05-30,71.24686518792994,71.24686518792994,69.4991497340583,70.44791412353516,7095500
2025-06-02,70.33805916498395,70.35802970391637,69.768803562473,70.05842590332031,2396200
2025-06-03,69.90862631879374,71.20693242677415,69.21952456400338,71.0671157836914,2445300
2025-06-04,71.25685391050429,71.4565973901802,70.83740403233688,71.03713989257812,1672500
2025-06-05,71.21691180611025,71.88604300066321,70.75751318948763,71.45660400390625,1898800
2025-06-06,71.92598390246121,72.35542289815304,70.78747263377785,71.5265121459961,2152700
2025-06-09,71.75620423344779,72.89471544801772,71.38169376498571,71.5764389038086,2075600
2025-06-10,71.7961528069216,74.02324507474275,71.66632525440919,73.82350158691406,4533500
2025-06-11,73.90839760843339,74.06320168532822,72.74491738311649,73.30419158935547,3051600
2025-06-12,73.11443245259645,73.69866789285585,72.23558392714763,73.01456451416016,3574800
2025-06-13,72.0957661865466,72.69498142743304,71.81613291542861,72.15568542480469,2976900
2025-06-16,72.25555617479601,73.02455531974465,71.5864325900795,72.764892578125,3046900
2025-06-17,72.2755321301077,72.61508464234655,70.80245147540532,71.04713439941406,2918100
2025-06-18,71.15699386995283,72.07579112003016,70.89733112730124,71.79615783691406,3496300
2025-06-20,72.50522726590344,72.51521634545959,71.12203309563156,71.18695068359375,6306600
2025-06-23,71.18695426665627,71.29182055868613,69.39928990788628,71.0671157836914,3142300
2025-06-24,71.48656037514928,72.1956326176766,71.31678412400225,71.88603973388672,8746500
2025-06-25,71.91599745533823,72.75489722906622,71.00718174769808,72.655029296875,5681100
2025-06-26,72.90470319657972,75.19171466324296,72.82480580276841,74.76227569580078,5091900
2025-06-27,75.10182717613827,75.47134690294924,73.98329415562462,74.28289794921875,6817100
2025-06-30,73.90340405724754,74.48264878257697,73.47596134531868,73.97331237792969,2952400
2025-07-01,73.72363617921975,76.72471075448927,73.51391122438862,75.8508529663086,3298700
2025-07-02,75.68107737798387,76.0605862114942,75.2616274646217,76.02063751220703,2526100
2025-07-03,76.08055250765851,76.43009408262962,75.59119430269897,75.97069549560547,1800500
2025-07-07,75.51129834695516,76.39014684068533,74.28290065216062,74.51260375976562,3528300
2025-07-08,74.56254873416792,76.57990864246824,74.40275392746435,75.10183715820312,3522500
2025-07-09,75.75099052470979,76.01065327690772,74.78225545870305,75.41143798828125,2574300
2025-07-10,75.4114333091226,77.2190681431584,75.031924474973,76.40013885498047,2738500
2025-07-11,75.57121737665385,75.76296807788879,74.84217459688908,75.03192138671875,1897900
2025-07-14,74.71234440462536,74.77726199516104,73.78355807439885,74.35281372070312,2236700
2025-07-15,74.6923718294678,74.83218846724711,73.56384964755338,74.29289245605469,4637500
2025-07-16,74.34283297302935,76.11051916973365,74.10314076849255,75.35150909423828,6398500
2025-07-17,75.19172314612238,76.48004019379255,74.71234634860774,76.1404800415039,3968000
2025-07-18,76.73969605427851,76.7546834844571,75.35151104958122,75.86084747314453,3383600
2025-07-21,75.62115539336348,75.8009207239117,73.99827668848812,74.06319427490234,3902800
2025-07-22,74.0631992236822,76.67977434163188,74.01326144319064,76.39015197753906,4674300
2025-07-23,77.4987038987211,77.69844740188401,76.59987718307694,77.14916229248047,2337000
2025-07-24,76.89948766680543,77.75337494085208,76.21538427318372,76.66978454589844,2392500
2025-07-25,76.69476838357033,77.76385874940163,75.90543884275496,77.5440444946289,3132700
2025-07-28,77.3042466456144,78.70305069930772,76.91557731435739,77.6739273071289,3950900
2025-07-29,78.14353500819341,78.63311646414073,77.3741927202762,77.6539535522461,4524000
2025-07-30,73.28766267939318,73.86217859488859,70.26023891558181,71.57911682128906,12910000
2025-07-31,72.27852163209266,72.94795805786656,71.04957115793086,71.25939178466797,6427700
2025-08-01,70.33017613325994,70.83974482739893,69.03127793185794,69.79063415527344,5128400
2025-08-04,70.35016342590734,70.91467805866547,69.85058836720184,70.57996368408203,3251600
2025-08-05,70.92966576797495,71.47920138998485,70.45007797323045,70.67987823486328,3726200
2025-08-06,70.87971370883933,70.96963356287092,69.52086890212841,69.90054321289062,5171000
2025-08-07,70.78978613358966,71.46920853600159,69.95050367215114,71.0395736694336,4233700
2025-08-08,71.13948907051882,72.0237391055788,70.94965572175634,71.93881225585938,3025100
2025-08-11,71.97877457632352,73.27766514083447,71.85887381931359,72.93795776367188,4130000
2025-08-12,73.16777368030033,74.54659823429321,72.98692773511638,74.34677124023438,2338000
2025-08-13,74.3467672614082,75.37589070926677,74.2518467762912,75.26598358154297,3067900
2025-08-14,74.85632819368996,75.0561627995325,73.18774925518635,73.59740447998047,3122600
2025-08-15,73.94710580634691,74.45666690172744,72.99790857636026,73.3376235961914,2926900
2025-08-18,73.29765193241764,73.71729314484236,72.64820284295445,73.1078109741211,2292500
2025-08-19,72.85803186401935,73.98207585613685,72.63821759700615,73.90714263916016,2949900
2025-08-20,73.98707542946623,74.3267828387917,73.55744053814156,73.8072280883789,2156900
2025-08-21,73.43753059188977,74.00105422297973,72.90798227123292,73.08782958984375,2575900
2025-08-22,73.78724358244224,75.49079656844032,73.63237651515358,75.15608215332031,3666500
2025-08-25,74.90628562251901,75.04616602931148,73.93511158512528,74.52660369873047,2022000
2025-08-26,74.5166200067559,74.84533516150037,73.69731718877945,74.02703094482422,1845900
2025-08-27,73.70731030494916,74.41671368788296,73.65735736638814,74.1968994140625,2113000
2025-08-28,74.36175900468719,74.43669222286111,73.15778114661735,73.65735626220703,2511900
2025-08-29,73.61738258350903,74.08698436874121,73.13778716246685,73.66734313964844,1983000
2025-09-02,72.90798481966375,73.24769219840829,71.07953828702702,71.53914642333984,4045600
2025-09-03,71.85388030812065,72.59824987636976,71.56911887081444,72.3184814453125,3882900
2025-09-04,72.41840877156834,74.0769941149536,71.49918480784574,74.05701446533203,2217100
2025-09-05,74.18689625605589,75.68562143294591,74.14692933658957,75.66564178466797,3010700
2025-09-08,76.07529450989279,78.36334934930944,74.92627027204969,78.09358215332031,6251200
2025-09-09,77.87376231957184,78.82295187864771,77.34421397885096,78.64310455322266,3997900
2025-09-10,78.64311247167082,79.62228303600065,75.5857152545109,75.92542266845703,4250400
2025-09-11,75.8754654567805,78.3333739313244,75.57571736014143,77.89374542236328,4358000
2025-09-12,77.40416155811376,77.56902224381751,76.3150839557737,76.37503814697266,3254100
2025-09-15,76.51491886130701,78.1735041148498,76.43498502132866,77.69391632080078,3196700
2025-09-16,78.2534364880439,78.43328381316886,77.24429274023663,77.41415405273438,3384400
2025-09-17,77.43413611067332,78.6131335847587,76.04531802123087,76.56487274169922,2925300
2025-09-18,76.92456770691835,76.98452189933616,73.68732336405161,73.9371109008789,3841300
2025-09-19,74.39672183728345,75.47580586624751,74.32678162927158,74.84634399414062,6294100
2025-09-22,74.54659136009204,75.00619950237427,73.71230192131675,74.70645141601562,3155900
2025-09-23,74.56657148981365,75.37588827904189,74.40671143285817,74.5365982055664,3143100
2025-09-24,74.64650483818315,74.9762262085526,73.60738779462852,73.91712951660156,2320500
2025-09-25,72.83804353170824,72.83804353170824,69.72569311671025,71.4392318725586,5017100
2025-09-26,72.16861435992973,72.92796293988854,71.65904567957851,72.3984146118164,2679100
2025-09-29,72.93795795680441,73.58240642302712,72.37843633509723,73.02787780761719,2914600
2025-09-30,72.73813769975187,75.20603229358007,72.64821021772612,75.03617858886719,4089700
2025-10-01,74.89629565741869,76.43498783045426,74.14693303162993,75.44583129882812,3579400
2025-10-02,75.03617547141276,76.7846882509466,74.5465940275583,76.75471496582031,2517100
2025-10-03,77.09443027848968,77.88375219953242,76.36504730501768,76.49493408203125,2696300
2025-10-06,76.5948574334356,76.63481673298298,75.81551387986343,76.3450698852539,1677100
2025-10-07,75.06615229992495,75.42584698424076,74.13694230259428,74.42669677734375,2808300
2025-10-08,74.36674480569475,75.11610740646842,73.74726897814071,75.06614685058594,2477900
2025-10-09,74.81636418377667,75.22202501911225,73.72729412547234,74.15692901611328,1825200
2025-10-10,73.94810264887799,74.47665240249191,69.97048313352208,70.94965362548828,7015400
2025-10-13,71.95879326179825,72.76811009851382,71.63906550621647,71.77894592285156,2693700
2025-10-14,71.10951482291614,73.03787493026563,70.91968147672225,72.27851867675781,2783600
2025-10-15,72.82805449685988,73.8771652132217,72.19859264078923,73.15777587890625,3432900
2025-10-16,73.82720328870681,74.17191130692436,72.69316574456329,73.31763458251953,1766900
2025-10-17,72.93796504016842,74.13694223823963,72.58826399264025,73.98707580566406,2049500
2025-10-20,74.2868108785406,75.84848607375645,73.9970564251645,75.41585540771484,2050900
2025-10-21,75.18604800262747,76.48494623323246,75.11610779777402,76.03532409667969,1644400
2025-10-22,75.9553937281517,77.0744446798727,75.63566597379014,76.0752944946289,2547300
2025-10-23,76.25513997630071,77.3342239795901,75.8155114661656,77.19434356689453,2235200
2025-10-24,77.54920302861333,78.29890528304378,77.10937526557711,78.10897827148438,2600300
2025-10-27,78.58879051306454,79.11857888222295,78.2489215277541,78.31889343261719,4093600
2025-10-28,78.0889862939613,79.71833637980625,77.64915854935992,79.36847686767578,5877000
2025-10-29,76.7095284024585,78.35387952929224,73.70072900786815,77.34927368164062,8765300
2025-10-30,77.34927478746744,77.34927478746744,73.92063630797435,74.97022247314453,3474800
2025-10-31,74.61036781789745,75.16015252218709,73.49080970478298,74.92024230957031,3275700
2025-11-03,74.8002950103233,75.83988305507685,73.60876688109168,74.44043731689453,4442900
2025-11-04,74.38045711467608,75.46002247480503,73.87065748888193,74.27050018310547,2489700
2025-11-05,74.18053330086921,76.77949942094972,73.28088912912764,75.5799789428711,3732000
2025-11-06,75.43003742210746,76.32968159916351,73.9906067388178,74.14054870605469,2554200
2025-11-07,73.57078080878883,74.11056735520806,72.66614129514423,73.02100372314453,4401300
2025-11-10,73.4408303873052,73.97061873369292,72.1813285275384,73.4508285522461,4400700
2025-11-11,73.47081998371232,74.36046603735142,72.79108964343423,73.380859375,3672900
2025-11-12,73.67073526174191,75.47002364420283,73.2609020129602,74.95023345947266,3034600
2025-11-13,74.31048391303406,75.55998767234415,73.89065248023365,73.94063568115234,2708200
2025-11-14,73.68073162559556,73.99560899142027,72.4712129860949,73.12095642089844,4407300
2025-11-17,72.5411837072423,72.97101326853623,70.2620902664708,70.6019515991211,4806100
2025-11-18,70.45201951719866,71.48160933906941,70.00719650795261,70.9917984008789,3371500
2025-11-19,71.21171327669153,72.3112750157823,70.86185376330337,72.28128814697266,4218900
2025-11-20,73.10096210601544,75.32008190917313,73.01100149979492,74.72032165527344,8322400
2025-11-21,74.86026895851508,77.06439543030122,73.32087940487233,76.41964721679688,8388600
2025-11-24,76.47461927865213,78.98862003303832,76.47461927865213,78.20893096923828,7118800
2025-11-25,78.20893483213558,81.90747042507932,78.1189742248069,79.92825317382812,5949700
2025-11-26,80.03820909406076,81.2377296013882,79.67335614725653,80.59798431396484,3091600
2025-11-28,80.6179782925786,80.65796332517195,79.59837902736088,79.95823669433594,1353300
2025-12-01,79.31849117341353,80.25812037045738,78.96863167229034,79.20853424072266,2540800
2025-12-02,79.68834703207843,80.69794812970325,79.318491201409,80.18814849853516,2367800
2025-12-03,80.17815318382642,84.07660628603583,80.06819624718823,83.55680847167969,5253900
2025-12-04,82.8970769127032,83.66676786540918,81.51762752122926,82.48723602294922,3321100
2025-12-05,82.87708810169879,85.52602994137054,82.50723224749667,85.42607116699219,4439300
2025-12-08,85.36609487476198,85.85589819302427,82.44125409297918,83.0570068359375,4234100
2025-12-09,83.1069891007291,83.60679057842238,82.65717082135127,82.99703216552734,2749300
2025-12-10,82.64217693751438,84.83630510759609,82.4772415356091,84.43646240234375,2562000
2025-12-11,84.43646410004571,86.15578242874415,84.101598020244,86.01583862304688,3478800
2025-12-12,85.9658572777982,85.9658572777982,83.52682353785158,83.92666625976562,2386900
2025-12-15,84.77632343003235,85.02622416659192,83.5768029450925,84.41646575927734,3566100
2025-12-16,84.41646972591889,84.46645292612557,81.7075465294875,82.21734619140625,3207400
2025-12-17,82.16736119915451,83.52682185037803,82.07740059238326,82.3472900390625,3100800
2025-12-18,82.77712180747542,83.44686161204008,82.2073484037834,82.48723602294922,2095100
2025-12-19,82.96204784479507,83.60678837845342,82.26732411413649,82.85708618164062,6437600
2025-12-22,83.36689071745532,84.1465798278112,83.01703119695789,83.90667724609375,2237700
2025-12-23,83.7767219570245,83.97664712560703,83.13198140096362,83.28691864013672,2117000
2025-12-24,83.39687284979209,83.80171081668405,83.06700205218934,83.35688781738281,807000
2025-12-26,83.51683137685175,83.95165622931658,83.23693613849215,83.5768051147461,1462500
2025-12-29,83.53682055612279,84.03662204506128,82.88707709522967,83.11698913574219,1383400
2025-12-30,82.96704995225335,83.55681206836681,82.8670911763792,83.29692077636719,1510500
2025-12-31,83.03702058369267,83.13697935803282,81.9074719435543,81.98743438720703,1578100
2026-01-02,82.54721442890666,83.53681922586382,82.16736042248839,82.78711700439453,3433500
2026-01-05,82.75713407330704,85.44606860935231,82.197358828413,85.00624084472656,2857900
2026-01-06,84.76633779648604,87.20036867098254,84.44646514023523,86.69557189941406,2512500
2026-01-07,86.29572553166928,87.20536026129372,85.3460981420394,85.7259521484375,2450100
2026-01-08,84.9962378761345,89.73435373812623,84.55641013636331,88.125,4219600
2026-01-09,87.5999984741211,88.51499938964844,85.40499877929688,87.27999877929688,2991300
2026-01-12,86.56999969482422,87.12000274658203,85.33999633789062,86.9000015258789,1965900
2026-01-13,87.12000274658203,87.5999984741211,84.47000122070312,84.7699966430664,2709000
2026-01-14,84.16000366210938,85.41000366210938,83.55999755859375,85.30000305175781,3776200
