2023-05-04,23.131648009813592,24.445430314555335,22.877951294114794,24.37294578552246,77004200
2023-05-05,24.155491898674025,24.490733921395663,23.74776534781899,24.010522842407227,11292000
2023-05-08,23.856497817213008,24.327648209219646,23.475953535695005,24.019588470458984,6308300
2023-05-09,24.019586291690008,24.318585219463426,23.620920478602898,23.811193466186523,4684000
2023-05-10,23.81119037172175,24.25515831416262,23.566554445835727,23.784008026123047,9602400
2023-05-11,23.584679374012502,23.856495956105462,23.557497024536133,23.557497024536133,5687300
2023-05-12,23.575615673606837,24.11925049869106,23.466888017323004,24.010522842407227,5433800
2023-05-15,24.01052641435103,25.18387107617904,24.01052641435103,24.916584014892578,7083200
2023-05-16,24.952823618631356,25.161216422516606,24.454490971926546,24.490734100341797,3818400
2023-05-17,24.73537020011155,25.097794599369138,24.101130957746,24.662885665893555,3392200
2023-05-18,24.662884813927246,24.780673258067306,24.191736221869668,24.49979591369629,2648100
2023-05-19,24.499795889354296,24.698222359530657,24.18267541535755,24.671945571899414,1794300
2023-05-22,24.762550908369366,24.85315700218251,23.521251397914575,23.62091827392578,7509400
2023-05-23,23.56655780769492,23.793072202161614,23.385345600854492,23.557497024536133,2485000
2023-05-24,23.566555623824605,24.055825771885683,23.4306473453725,23.965221405029297,1953600
2023-05-25,24.010526673796225,24.137374186229017,23.466891761963517,23.856496810913086,2139400
2023-05-26,23.947101729471388,23.947101729471388,23.73870890419448,23.829313278198242,844100
2023-05-30,23.811195129450667,24.010527185834174,22.769227472814205,23.312862396240234,6340200
2023-05-31,23.213197624162316,23.213197624162316,22.64238034006617,22.732986450195312,6347800
2023-06-01,22.923252128768294,23.231311791085396,22.424921236991004,22.905132293701172,6072700
2023-06-02,22.88701116280278,23.285676920655845,22.62425367544106,23.14976692199707,2329400
2023-06-05,23.176948949604984,23.349100344889784,22.49740587829737,22.787343978881836,4737300
2023-06-06,22.651439654164427,23.004801559755727,22.56083354991423,22.805469512939453,1315000
2023-06-07,22.74204429480952,22.882482105599887,22.56989288063003,22.723922729492188,1626600
2023-06-08,22.642378592808743,22.79640844969184,22.479287952795154,22.75110626220703,2711800
2023-06-09,22.696742438801387,22.79640932891317,22.51553195370548,22.742046356201172,1874000
2023-06-12,22.66049869621419,22.83265010824499,22.424923534531928,22.669559478759766,2619800
2023-06-13,22.642376670149666,22.85076947995256,22.615194323066344,22.769224166870117,2039800
2023-06-14,22.76922636749296,23.09540765134782,22.760167312423835,22.95949935913086,2412000
2023-06-15,23.013859834675017,23.512192489653067,22.814527809584302,23.33098030090332,1442900
2023-06-16,23.42158539231085,23.793068807989282,23.285677120652206,23.784008026123047,2333000
2023-06-20,23.512193216377828,23.90179649634704,23.503132433843533,23.611858367919922,1487500
2023-06-21,23.72964771321561,24.191737270995024,23.349103473171834,23.73870849609375,3605900
2023-06-22,23.738705559122543,24.101128188570826,23.73779827122964,24.055824279785156,1130700
2023-06-23,24.055826781122867,24.227978196073977,23.802131778213436,23.992403030395508,2793400
2023-06-26,24.0920690273107,24.101129809677285,23.575616529587993,23.693403244018555,2507300
2023-06-27,23.575620800361502,23.62092299223349,22.823593009378722,23.45783233642578,2904600
2023-06-28,23.466887829765703,23.57561548518054,23.25849502906868,23.37628173828125,1807900
2023-06-29,23.321924604627856,23.756831878669576,23.29474225193729,23.548439025878906,1353900
2023-06-30,23.593738681994598,24.155493377374906,23.530313203848692,23.938039779663086,3936600
2023-07-03,23.838372771921925,24.101130281190915,23.376283231190904,23.593738555908203,7558600
2023-07-05,23.475952035389223,23.784011754462345,23.213196232749038,23.285680770874023,1990700
2023-07-06,23.14977031895541,23.38081596804464,22.99574046228515,23.21319580078125,4856900
2023-07-07,23.213197293012403,23.24037791594593,22.841712073965578,22.850772857666016,1793700
2023-07-10,22.932317455342567,23.127119978302993,22.742046188172512,22.877954483032227,2121200
2023-07-11,23.08634539500092,23.149769145443997,22.65596772363598,22.723922729492188,1942600
2023-07-12,22.89607604985825,22.98668215582064,22.61519694855808,22.877954483032227,2320900
2023-07-13,23.03198226770648,23.104466800306227,22.5427103765325,23.01386070251465,2477900
2023-07-14,23.131648571323773,23.204133102116174,22.39774075286224,22.597074508666992,3830200
2023-07-17,22.56083194653828,22.705801011768706,22.41586288130785,22.55177116394043,1709200
2023-07-18,22.424925130222096,22.678621875047806,22.420395602710784,22.47928810119629,1713500
2023-07-19,22.542710097760573,22.687680889334878,22.198409004211427,22.651437759399414,2870800
2023-07-20,21.700078214755,22.303511124476735,20.377233341815906,22.207469940185547,36675600
2023-07-21,22.334318500138547,22.542711324101543,21.54604939100283,21.75444221496582,14587900
2023-07-24,20.993355400916165,22.116866657127698,20.948053210586842,21.890352249145508,22641600
2023-07-25,22.05344251290239,22.760168075561523,21.88129108196598,22.760168075561523,15018100
2023-07-26,22.73298233919153,22.859829833532707,22.00360579039477,22.370559692382812,10716400
2023-07-27,22.606139049110755,22.651441240324278,21.709140455206235,21.96283721923828,11476200
2023-07-28,21.953771601730253,22.134983783021912,21.790680984201245,22.10780143737793,13214600
2023-07-31,21.75444327608495,21.81786703184839,21.287824163110162,21.4554443359375,14630700
2023-08-01,21.3014132986955,21.536988470079955,21.183624848919454,21.428260803222656,14685500
2023-08-02,21.3376570031729,21.672899094647118,21.174568077551527,21.65477752685547,16233200
2023-08-03,21.772563627256798,22.139515830304507,21.518866890200403,21.73632049560547,16111000
2023-08-04,21.763502284050993,21.763502284050993,21.083959136591872,21.319534301757812,20999100
2023-08-07,21.446384757185285,21.451821573175465,21.129264232387353,21.328598022460938,15379100
2023-08-08,21.337652195417178,21.337652195417178,21.029592525041807,21.183622360229492,20150600
2023-08-09,21.111140634278946,21.23798986889976,20.893687025430268,21.156444549560547,40849100
2023-08-10,21.518867386714554,21.645714894085742,20.93899109225464,21.1745662689209,51365500
2023-08-11,21.111139728756555,21.564168493134744,21.065837543585772,21.491683959960938,46063200
2023-08-14,21.382957612294895,21.47356370905833,20.703414478820488,20.78495979309082,89481200
2023-08-15,20.766838076270485,21.536987300877477,20.513141352821258,21.07489776611328,105996500
2023-08-16,21.28329163093129,21.337654600015775,20.667172220748363,20.77589988708496,86179200
2023-08-17,20.948051467732892,21.102081321472387,20.431597208840962,20.639991760253906,71709300
2023-08-18,20.80308022478711,20.8393233557959,20.259447084996083,20.72153663635254,93537500
2023-08-21,20.99335615321497,21.464506553461913,20.667174841018188,20.748720169067383,178017500
2023-08-22,21.05677877887611,21.582292126790218,20.94805283277954,21.509807586669922,90542700
2023-08-23,21.609471990700655,21.790682456064836,21.401079177856445,21.401079177856445,119406800
2023-08-24,21.709139204534456,21.835988443326556,20.96617225116128,21.43732261657715,372341300
2023-08-25,21.19973793642033,21.281978435832254,20.852499884925454,20.989566802978516,86974600
2023-08-28,20.94387841126097,21.19973793642033,20.66060654823125,20.989566802978516,39395000
2023-08-29,20.7702588334292,21.13120304426517,20.624053892338747,20.88905143737793,59445800
2023-08-30,20.870778460045866,21.144912329268458,20.697159413324556,21.080947875976562,36094000
2023-08-31,21.099225683870472,21.31853314603746,21.02612319648148,21.062673568725586,36119700
2023-09-01,21.199739782490163,21.318530657040327,20.89819183935451,20.980430603027344,27566400
2023-09-05,20.9438801785589,20.998706601826434,20.64233223623661,20.660608291625977,28465000
2023-09-06,20.70629516638508,20.75198355860226,20.377333165139984,20.450435638427734,24727700
2023-09-07,20.505269133844685,20.633198059646546,19.15287041192129,19.18028450012207,102648300
2023-09-08,19.061489720674317,19.582345090078654,18.61830497099845,19.463552474975586,59635700
2023-09-11,20.221992180859782,20.267682320472126,19.737688901273245,20.167165756225586,42830600
2023-09-12,20.176301447151474,20.212853554607563,19.198555230406473,19.244243621826172,43697200
2023-09-13,19.27165911768836,20.02095994656112,19.262521090153257,19.737688064575195,35434500
2023-09-14,19.94785826025196,19.94785826025196,19.641742168738926,19.865617752075195,22195700
2023-09-15,19.847338480008375,19.984407133358005,19.372173306644147,19.39044761657715,32265200
2023-09-18,19.509239403334984,19.509239403334984,19.034072506890322,19.26251792907715,18035300
2023-09-19,19.107176704666664,19.28079572928226,18.906145342359416,19.244243621826172,21142800
2023-09-20,19.417863530251335,19.55493045364948,19.07976349249545,19.08890151977539,15623200
2023-09-21,19.116319194400436,19.42700520870787,18.924424071257224,19.043216705322266,20599600
2023-09-22,19.143727580418684,19.212260163138858,18.732525112496447,18.778213500976562,14865900
2023-09-25,18.741661130724303,19.052347019221934,18.705109029536292,19.03407096862793,16272000
2023-09-26,18.81476807220613,19.052351557824387,18.71425151289442,18.860456466674805,23574200
2023-09-27,18.924422231460134,19.00666274154041,18.312190034263534,18.476669311523438,25270500
2023-09-28,18.385291973762218,18.531496933390894,18.229948986294175,18.37615394592285,32556800
2023-09-29,18.52235866491461,18.572616945927887,18.293913200600123,18.348739624023438,27974900
2023-10-02,18.49494409289186,18.714251523688937,18.39899741871199,18.56804656982422,25296300
2023-10-03,18.63200900344144,18.814766047449734,18.193394189301948,18.266496658325195,24924500
2023-10-04,18.202534444044755,18.26649889440772,17.8644343941112,18.028915405273438,19610400
2023-10-05,18.1020181229226,18.18882851490794,17.891848713832825,18.05632972717285,18014900
2023-10-06,17.9740891239866,18.513220556861437,17.7182295776204,18.339601516723633,25090300
2023-10-09,18.15684700012207,18.389860616208928,17.97408992416719,18.15684700012207,16032800
2023-10-10,18.202534287927353,18.34873924261749,17.937536718238647,17.99236488342285,13937900
2023-10-11,18.12029297973782,18.165981372465314,17.690816162237795,17.882709503173828,20414700
2023-10-12,17.910123986632456,18.01977682880033,17.576593832112703,17.654264450073242,14461500
2023-10-13,17.709091271208894,17.80960783121722,17.59030039902677,17.699954986572266,16410700
2023-10-16,17.69995600470527,18.019778272400252,17.448664590229725,17.85529899597168,15272000
2023-10-17,17.626851176361562,18.184256870777634,17.370991653368662,18.074604034423828,18750100
2023-10-18,18.08374363471082,18.34873946470644,17.992365101198327,18.330463409423828,18294200
2023-10-19,18.32132603684941,18.466617718610024,18.111156622286597,18.129432678222656,18831500
2023-10-20,18.156842289295888,18.303047214966398,18.019773646442115,18.038049697875977,24057700
2023-10-23,17.83702182208144,18.097449505399336,17.75021143237512,17.983226776123047,19716500
2023-10-24,17.98322660783648,18.27837809569478,17.95581252562252,18.257360458374023,21650900
2023-10-25,18.275636922016798,18.384376487633848,18.01977737766436,18.028915405273438,24711200
2023-10-26,17.224789639629186,17.48064746324402,16.90496561720994,17.078584671020508,60514900
2023-10-27,17.000909271831485,17.0968559385912,16.525742337068507,16.639965057373047,43215400
2023-10-30,16.758758383803517,17.247631508315795,16.283591428589563,17.03289222717285,39398800
2023-10-31,17.188236974221546,17.252201428071764,16.904965074498882,16.9963436126709,81622600
2023-11-01,16.97806346015001,17.27047331743006,16.818152364106307,17.252197265625,20218100
2023-11-02,17.36185776753119,17.585735121409932,17.160826357667233,17.5720272064209,15439000
2023-11-03,17.80960783121722,18.010639208333334,17.63598879381208,17.699954986572266,16874300
2023-11-06,17.782189751790963,17.85529395565705,17.58115841985967,17.68167495727539,13242000
2023-11-07,17.746311010220058,18.106409062153404,17.71491934591371,18.09717559814453,12172600
2023-11-08,18.060242006959292,18.194124595396552,17.64474668708591,17.6909122467041,13552100
2023-11-09,17.801711972351583,17.820177139450863,17.580114117231425,17.74631118774414,10423400
2023-11-10,17.77400781763954,17.83402444104166,17.626275945498037,17.68167495727539,14475400
2023-11-13,17.681676953157186,17.71861080591302,17.538562676485917,17.63551139831543,14283900
2023-11-14,17.764778026222437,18.097175687775444,17.653979979773563,17.921743392944336,16003900
2023-11-15,18.087942134135655,18.254140964089018,17.9956092551501,18.09717559814453,16026300
2023-11-16,18.060239850318947,18.13410579354938,17.97714044404684,18.106407165527344,12665000
2023-11-17,18.060241682012848,18.29107299815704,17.98637573129083,18.17104148864746,12840900
2023-11-20,18.198738145164533,18.355703493558117,17.967906854062377,18.235671997070312,18248800
2023-11-21,18.226440310874768,18.503438943862,18.20797338312165,18.37417221069336,17662900
2023-11-22,18.46650509406731,18.752735429916466,18.43880470242907,18.50343894958496,21322700
2023-11-24,18.577300899818916,18.92354779578562,18.577300899818916,18.69733238220215,12663700
2023-11-27,18.641937223061802,18.715803172350032,18.475738396887504,18.61423683166504,32839900
2023-11-28,18.605003367866114,18.69733624475219,18.54037088237681,18.61423683166504,19154500
2023-11-29,18.678869376378778,18.798902645042197,18.52190401350571,18.54037094116211,13457500
2023-11-30,18.66963383533778,18.891231659249758,18.503436788231017,18.872766494750977,47302700
2023-12-01,18.752731229232527,19.19592859065063,18.752731229232527,19.103595733642578,17798700
2023-12-04,19.038965225219727,19.251329585463697,18.928165433164686,19.038965225219727,22516200
2023-12-05,19.011268927728487,19.06666795512516,18.614238748995117,18.623472213745117,19199000
2023-12-06,18.669638337061446,18.697338732143322,17.746312967572887,17.903278350830078,37456400
2023-12-07,18.087941290428326,19.748080354178953,18.004841879327795,19.214397430419922,60070800
2023-12-08,19.279030132860772,19.389829935951585,19.020500194154085,19.029733657836914,24536000
2023-12-11,18.92816919543978,19.13130013329609,18.743503425677094,19.011268615722656,18094900
2023-12-12,19.07590287608685,19.30673422914802,18.808139422309694,19.15900230407715,17755000
2023-12-13,19.242097785530355,19.4267635345459,18.94201638365588,19.4267635345459,19393500
2023-12-14,19.509861060072826,19.62989432449901,19.232864199417637,19.445228576660156,19302400
2023-12-15,19.269801913569935,19.445232471945847,19.18670248650621,19.380599975585938,38178500
2023-12-18,19.482162521154695,19.509861150687005,19.27902984536788,19.399063110351562,16832900
2023-12-19,20.54398579731484,20.594768965331884,19.606811278428516,19.82379150390625,50883800
2023-12-20,19.749927947748198,20.017693134745716,19.29288290249833,19.343666076660156,24956700
2023-12-21,19.435993109169523,19.611425375417813,19.315961618222527,19.592958450317383,14647200
2023-12-22,19.620662657186596,19.77762802888822,19.58372879979645,19.72222900390625,9577700
2023-12-26,19.62066082684142,19.754543405736374,19.514478638405002,19.657594680786133,8128600
2023-12-27,19.639127465010354,19.89765739440918,19.62989400165996,19.89765739440918,10852400
2023-12-28,19.874574671923295,19.989990322470007,19.749925558000477,19.82379150390625,8146900
2023-12-29,19.768396345940435,19.90689480142757,19.69453038560707,19.879196166992188,9359200
2024-01-02,19.805328202484425,20.179273818348403,19.77762780974874,19.916126251220703,35216200
2024-01-03,19.777628082050708,19.943826918546613,19.56064607205847,19.639129638671875,18892500
2024-01-04,19.657594829935086,19.745310092064674,19.28826333209806,19.297496795654297,16729000
2024-01-05,19.389827569433074,19.76839072870996,19.333503976173024,19.71299171447754,24854100
2024-01-08,19.620662357922143,19.98999212067415,19.620662357922143,19.971525192260742,14321000
2024-01-09,19.869960548167438,20.183891285834083,19.869960548167438,20.174657821655273,18106300
2024-01-10,20.12848865269381,20.22082152490128,19.897657352726664,20.10079002380371,17925900
2024-01-11,20.026923969378235,20.257755268090424,19.814557836124706,20.24852180480957,16607600
2024-01-12,20.31315259187927,20.35008644192117,19.796091019012973,19.8607234954834,16986400
2024-01-16,19.786859579279223,19.846876211181257,19.46369540278768,19.60219383239746,12962400
2024-01-17,19.445228633287257,19.616045066921718,19.3205795172985,19.371362686157227,14488900
2024-01-18,19.28826337669216,19.399063178520056,19.14053148165704,19.334430694580078,9154600
2024-01-19,19.343666123978824,19.343666123978824,18.95586941982559,19.122066497802734,15841800
2024-01-22,18.94663243605497,19.10359778146382,18.72503461214299,18.872766494750977,20041600
2024-01-23,19.01588045344161,19.371360840479905,18.983564214720214,19.30672836303711,16013200
2024-01-24,19.269796577486016,19.366745295179385,18.845066094429473,18.86353302001953,12345100
2024-01-25,19.02050384446114,19.195936165896597,18.873694737604715,19.15900230407715,12613600
2024-01-26,19.28826723533181,19.380600128475837,19.19593610329124,19.242101669311523,14121400
2024-01-29,19.242097785530355,19.491396018370406,19.223630858408182,19.4267635345459,10817100
2024-01-30,19.343662311927485,19.371360938913472,19.12483294434116,19.26979637145996,10593500
2024-01-31,19.343664250718657,19.35289595323731,19.14053157324603,19.168231964111328,13225600
2024-02-01,19.186698744069304,19.3898296588795,18.96510090215734,19.28826332092285,11400600
2024-02-02,19.131294246955793,19.3159599599003,19.04819485224104,19.232860565185547,12678900
2024-02-05,19.158998629838198,19.158998629838198,18.70010622746728,18.909700393676758,12643400
2024-02-06,18.872770179006572,19.159000537298247,18.83583632059304,19.0205020904541,13267100
2024-02-07,19.149767138614948,19.149767138614948,18.84506985006763,18.946636199951172,26170300
2024-02-08,18.328005109639506,18.508053237318773,17.820175205794804,17.847875595092773,44119600
2024-02-09,17.727844097007598,18.11102312956294,17.61704430091873,17.847875595092773,24589600
2024-02-12,17.977140420810517,18.134105770110175,17.824792683577233,18.087940216064453,17750800
2024-02-13,18.09727105559621,18.269847630139125,17.808088350824878,17.95734405517578,16678500
2024-02-14,17.929357894843466,18.064621432566625,17.733460450638898,17.808088302612305,15853000
2024-02-15,17.826741328937064,17.966668294587183,17.724127390468624,17.770769119262695,18646500
2024-02-16,17.733456092081017,17.81741262732467,17.64483609566512,17.770769119262695,16387600
2024-02-20,17.714800729234444,17.845399008314384,17.5842024501545,17.780099868774414,15817600
2024-02-21,17.817413836836153,18.036632112171116,17.630843350458967,18.003982543945312,12660700
2024-02-22,17.966670140926574,18.022640577084825,17.67748747829617,17.901371002197266,11359000
2024-02-23,17.86405795690458,18.02730759912521,17.770772701245402,17.892044067382812,13774600
2024-02-26,17.854728205968367,17.856594658264726,17.57487423467666,17.66815948486328,17420200
2024-02-27,17.6401730977388,17.69614353526053,17.46293130310717,17.64950180053711,15954200
2024-02-28,17.65883126927345,17.882714808339276,17.45360335734529,17.85472869873047,16447700
2024-02-29,17.87338824845057,17.97133697492475,17.630847273894208,17.724132537841797,19298500
2024-03-01,17.55621910095215,17.668161771517603,17.43494950550226,17.55621910095215,14618600
2024-03-04,17.500246539149725,17.798757918870017,17.36031955231436,17.68681526184082,18745500
2024-03-05,17.640174218016995,17.910701278544014,17.565546370159236,17.73345947265625,19216100
2024-03-06,17.72412832072759,18.433093667068853,17.714799618625573,18.265180587768555,17447900
2024-03-07,18.367795316988264,18.871532797159844,18.344474450370072,18.470407485961914,22510900
2024-03-08,18.367794335153505,18.778246547643878,18.34913693114904,18.675634384155273,11932700
2024-03-11,18.712947073002326,18.974145386516614,18.67563404493911,18.796903610229492,12106400
2024-03-12,18.83422018896593,19.019856568874566,18.768921049262797,18.78757667541504,12156700
2024-03-13,18.843548462428256,19.17004415350649,18.843548462428256,19.039445877075195,23717400
2024-03-14,18.899522323361047,19.00213629016441,18.57769003557102,18.722280502319336,18494000
2024-03-15,18.470406652571448,19.044110265248055,18.470406652571448,18.974145889282227,68562300
2024-03-18,18.75959128069158,19.011459122483593,18.62899122943749,18.843547821044922,18907400
2024-03-19,18.974146093031003,19.030116526843894,18.75026257851143,18.843547821044922,18217300
2024-03-20,18.80623365243756,19.044111117958067,18.726942350109436,19.039445877075195,13173300
2024-03-21,19.04877632507522,19.515200817090513,19.04877632507522,19.31930160522461,18323600
2024-03-22,19.384603170847456,19.468559724532902,19.160719620775694,19.216690063476562,10408800
2024-03-25,19.319300898393678,19.501207938209568,19.184039152901892,19.263330459594727,11924700
2024-03-26,19.32862930175638,19.608485049948918,19.254001458091995,19.52452850341797,14484300
2024-03-27,19.599155216305164,20.018936145472413,19.57116910932013,20.00960922241211,13286700
2024-03-28,20.1308807239786,20.1308807239786,19.925654590885273,20.018938064575195,14405400
2024-04-01,20.000281524415144,20.037594556334188,19.69244144919349,19.80438232421875,10457500
2024-04-02,19.82304039163493,19.86968212790797,19.4032576481048,19.42191505432129,15495100
2024-04-03,19.356613778221305,19.384599884461235,18.871531945670476,18.974145889282227,15066200
2024-04-04,19.132731984030052,19.198031125185093,18.796905796069098,18.815563201904297,12183400
2024-04-05,18.768920551034775,18.946160560018917,18.70361963379697,18.89019012451172,11313100
2024-04-08,18.890193479891117,18.899522184010674,18.703622956036693,18.71295166015625,9262800
2024-04-09,18.740935696359678,19.076761890386848,18.647650444766775,18.983476638793945,10106700
2024-04-10,18.787576037681482,18.927504794316235,18.66630646510182,18.880861282348633,11808100
2024-04-11,18.61966272300754,18.63832012756399,18.050626118180126,18.143911361694336,25410000
2024-04-12,18.134586254059098,18.227871516064337,17.831409597359162,17.845401763916016,9414800
2024-04-15,18.00398617554441,18.05062969618122,17.733460872924432,17.845401763916016,13423300
2024-04-16,17.798757970434423,17.882714518632504,17.584203138047403,17.826744079589844,20306600
2024-04-17,18.03197027138987,18.050627677558115,17.770771922838996,17.97599983215332,10022900
2024-04-18,18.069283181430205,18.293166694074603,17.96666923757602,18.265180587768555,11215700
2024-04-19,18.181224048118406,18.367794531622735,18.08327534494923,18.265180587768555,9506100
2024-04-22,18.265180587768555,18.386450156558773,17.89204140002789,18.265180587768555,17453800
2024-04-23,18.283839264562722,18.391116677300626,17.9713339498322,18.069284439086914,19765100
2024-04-24,17.976001842430705,18.05062969618122,17.8220808932318,17.845401763916016,22713800
2024-04-25,17.92935704628882,17.99932143263254,17.714802204428196,17.742788314819336,14246300
2024-04-26,17.724130851798005,17.79875870000327,17.570209914036262,17.59353256225586,15454700
2024-04-29,17.5842024501545,17.79409381243877,17.51423806963704,17.780099868774414,13240500
2024-04-30,17.640175659059143,17.780102662814674,17.481591246997976,17.55621910095215,26872700
2024-05-01,17.6215167542669,17.733459415325758,17.388304508056834,17.584203720092773,12771100
2024-05-02,17.668157934654744,17.966669285645946,17.668157934654744,17.836071014404297,22724700
2024-05-03,17.808087790968123,18.05062874773034,17.794095625146472,17.910701751708984,15941000
2024-05-06,18.022641083289933,18.07861152102024,17.66349403092323,17.798757553100586,26549600
2024-05-07,18.336113169417214,19.071441978064176,18.336113169417214,18.93003273010254,30039600
2024-05-08,18.930035532536955,19.495674406237775,18.84518961157601,19.278846740722656,24428800
2024-05-09,19.335406854312627,19.429680283845837,19.198710471395277,19.363689422607422,14394600
2024-05-10,19.410825238315972,19.434393146170247,19.165715040776067,19.363689422607422,15019500
2024-05-13,19.137437001513057,19.59466207417973,19.014882772797694,19.194002151489258,20853100
2024-05-14,19.32597980910056,19.75020935342484,19.222278854239924,19.44853401184082,21289500
2024-05-15,19.04316084106417,19.556949143998253,18.967742457060826,19.363689422607422,97658200
2024-05-16,19.46739148375785,19.745497153445093,19.340122604601003,19.420255661010742,71519400
2024-05-17,19.53338167639163,19.552236724082128,19.21285305811846,19.297698974609375,31071000
2024-05-20,19.32598242114623,19.37311824439027,18.741488503091567,18.760343551635742,24636700
2024-05-21,18.788623797982368,18.94888809453061,18.543513591607635,18.826332092285156,27778900
2024-05-22,18.741487503051758,18.977170202928807,18.670783771958423,18.741487503051758,15202600
2024-05-23,18.72263385849257,18.7603421546566,18.270121717710428,18.32668685913086,16089700
2024-05-24,18.354968964721422,18.43038736064286,18.03915499371177,18.24184226989746,24363700
2024-05-28,18.10985765424134,18.298404531919264,18.006158489823136,18.147567749023438,16231100
2024-05-29,17.968447071480867,18.08157554937781,17.77047448280641,17.789329528808594,13001900
2024-05-30,17.789333393906716,18.02501612579245,17.76105081875847,17.9024600982666,17340100
2024-05-31,17.921314932461545,18.23241606287812,17.78933317959285,18.194705963134766,31659300
2024-06-03,18.043866288494346,18.35496736939541,18.025013039739914,18.138139724731445,15902600
2024-06-04,18.15699802107801,18.15699802107801,17.831756495875055,18.05329704284668,18523500
2024-06-05,17.977878500545376,18.081579477972397,17.742195768659638,17.9024600982666,20674500
2024-06-06,17.770476039903293,17.893030253423703,17.45937494607238,17.563074111938477,27907800
2024-06-07,17.610211487932258,17.685629879391904,17.317965445790662,17.33681869506836,17923400
2024-06-10,17.23312046468363,17.35567468315449,17.049286439802763,17.2425479888916,16438100
2024-06-11,17.167126944447634,17.421664691099153,17.054000255791156,17.4122371673584,23197400
2024-06-12,17.440521623769726,17.53479507325124,16.87488272499714,16.931446075439453,19717800
2024-06-13,16.96915395286088,17.11999073303701,16.8117180860285,16.9974365234375,14768100
2024-06-14,16.865454867164626,17.044574237830453,16.733473119366884,17.035146713256836,15356100
2024-06-17,16.931446480482197,17.74219564805528,16.931446480482197,17.71391487121582,20146700
2024-06-18,17.70448561273935,17.80347191821852,17.346246890838994,17.459375381469727,21747100
2024-06-20,17.581931794650007,17.779906228458692,17.487658340365705,17.761051177978516,24977100
2024-06-21,17.827040339804054,17.902458736345405,17.346247387559263,17.46880340576172,63084700
2024-06-24,17.742193302540127,17.89303008613175,17.61492442923789,17.817611694335938,19862800
2024-06-25,17.70448617913623,17.78933210029456,17.459375940025108,17.58193016052246,15046800
2024-06-26,17.440521811182954,17.544222786538622,17.214266608865913,17.525367736816406,16542100
2024-06-27,17.497082593038567,17.553647733899435,17.280254947420648,17.365100860595703,18657600
2024-06-28,17.374530066467173,17.52536686046935,17.00686560585142,17.13884735107422,57323300
2024-07-01,17.185983453216323,17.341534910990557,16.86074194802899,16.922019958496094,21089800
2024-07-02,16.97858023652681,17.21426291310583,16.959725190852616,17.19540786743164,14781800
2024-07-03,17.327393004872444,17.360390240361667,17.157702954719674,17.261402130126953,5859500
2024-07-05,17.23312135415973,17.270829654821522,17.10113780655227,17.261402130126953,12172600
2024-07-08,17.24254789570034,17.24254789570034,16.969155089495935,17.204837799072266,15968400
2024-07-09,17.214263819530313,17.25197211474812,16.945585697932152,17.17655372619629,12147200
2024-07-10,17.101136790552257,17.195410233780546,16.662766807939633,16.686336517333984,24692600
2024-07-11,16.752324734883988,16.91258902355411,16.65805130658696,16.893733978271484,35772200
2024-07-12,17.072854743723518,17.35567325421186,16.93144369036311,17.289682388305664,12523500
2024-07-15,17.289684575082397,17.33682040008672,17.054001853827856,17.072856903076172,14171600
2024-07-16,17.01629091216465,17.308538766683093,16.973867952516255,17.204837799072266,15408300
2024-07-17,17.22369070730766,17.695056067892217,17.22369070730766,17.383955001831055,17834900
2024-07-18,17.39338425999362,17.676202785312082,17.261400723144185,17.270828247070312,14131000
2024-07-19,17.402810412020525,17.43109298449158,17.115279016755157,17.204837799072266,15412400
2024-07-22,17.16712670327166,17.223691844921525,16.96915410184593,17.18598175048828,15788700
2024-07-23,17.05399877306881,17.18598049773194,16.884306956721275,16.903162002563477,12491000
2024-07-24,16.893734737161868,17.2048358058359,16.827743873824375,17.129417419433594,9390800
2024-07-25,17.280256194212036,17.63849312159686,17.195410274915247,17.204837799072266,11082200
2024-07-26,17.317964886890444,17.709197218049837,17.26139974653401,17.619638442993164,11484600
2024-07-29,17.581929814369538,17.81761252447668,17.459375596285028,17.723339080810547,12564800
2024-07-30,17.459375118234117,17.732766119452233,17.256687849242393,17.67620277404785,12381300
2024-07-31,17.60078505678914,17.685630977212515,17.308538996506616,17.431093215942383,42056200
2024-08-01,17.600784207247102,17.62906677872857,17.33681893443566,17.563074111938477,12817600
2024-08-02,17.581928915442365,17.761048269438383,17.365101264777667,17.7421932220459,17688600
2024-08-05,17.6384921092317,17.789330688970203,17.068140416340366,17.148273468017578,21724900
2024-08-06,18.996025410795607,19.72192856409154,18.77071244572794,19.66536521911621,44403600
2024-08-07,19.50510258408279,19.844484481180874,19.27884738664524,19.439111709594727,24344700
2024-08-08,19.391972322775025,20.141443382805,19.241135538200616,20.033029556274414,21849700
2024-08-09,19.985893998102167,20.018889432779275,19.71721585966497,19.81620216369629,20636700
2024-08-12,19.872765087969764,19.94347061684589,19.646509912928984,19.882192611694336,17481100
2024-08-13,19.929329167639825,20.25928531771073,19.91047591761125,20.117876052856445,16625400
2024-08-14,20.141671448589232,20.436752140331922,20.10359739911784,20.160709381103516,16462400
2024-08-15,20.170228811889203,20.57953529258691,20.160709845412836,20.531940460205078,10727900
2024-08-16,20.408197815693793,20.66520265196083,20.332047898363328,20.62712860107422,11269800
2024-08-19,20.684242576882927,20.865099328791565,20.58905471716483,20.598573684692383,10019600
2024-08-20,20.598572099097073,20.665203051103532,20.365363767074466,20.512903213500977,11291400
2024-08-21,20.60808998260055,20.798465677375034,20.531940067802193,20.64616584777832,8446800
2024-08-22,20.646165628132813,20.71755515124588,20.208302261032607,20.52242088317871,12239500
2024-08-23,20.570016058299732,20.8508192112464,20.560497091947298,20.769908905029297,6785500
2024-08-26,20.80798550354309,20.99360081506217,20.755632094538786,20.90317153930664,9431500
2024-08-27,20.941248876539465,21.02691776718808,20.693761171949838,20.86509895324707,10096300
2024-08-28,20.893655283596413,20.900318379007704,20.550979730378682,20.67472267150879,7896100
2024-08-29,20.76038956943225,20.87461534807266,20.493865778533227,20.703277587890625,12053500
2024-08-30,20.77942619084625,20.898410537293046,20.674719384994816,20.893651962280273,14008500
2024-09-03,20.703277618903982,21.16969606923312,20.608089772487244,21.036434173583984,13879900
2024-09-04,20.97932385337447,21.540928379038387,20.941247985569564,21.42670440673828,22620800
2024-09-05,21.47429742593711,21.58852321379452,21.302959651929644,21.42670440673828,15490300
2024-09-06,21.42670253315108,21.893120979632922,21.417183567032207,21.759859085083008,18883300
2024-09-09,21.769379362483466,22.112053085618122,21.54092779298402,22.083498001098633,21843100
2024-09-10,22.045424526563167,22.336698039835596,21.788417844655456,21.940717697143555,15021200
2024-09-11,22.03590417776601,22.11205409923746,21.583763224722933,21.978792190551758,12941500
2024-09-12,21.988308638252583,22.073977517036663,21.674190021229993,21.969270706176758,9269900
2024-09-13,22.04542201242262,22.283390731741136,21.93119804386179,22.264352798461914,11090800
2024-09-16,22.36906091955908,22.416653939973497,22.054942264374798,22.25483512878418,9220800
2024-09-17,22.34050271602155,22.3880975492196,22.03590304578301,22.264352798461914,13263700
2024-09-18,22.311949066037812,22.38809898849293,21.964514931364004,22.0739803314209,15225500
2024-09-19,22.216759018476267,22.321465832361827,21.783656036800338,21.79793357849121,13622500
2024-09-20,21.731304132078797,21.92167984038408,21.61707834398417,21.912160873413086,75871900
2024-09-23,21.731304132078797,22.0359038129214,21.664673178839145,21.912160873413086,20080800
2024-09-24,21.92167951816451,22.078737931984104,21.697988336527363,21.99782943725586,14365300
2024-09-25,22.093016492702706,22.210098156119624,21.836011638647545,21.893123626708984,12625600
2024-09-26,22.0359027096001,22.169166424964306,21.92167874278189,22.016864776611328,12504500
2024-09-27,22.026383957722533,22.30718711759274,21.921678956378503,22.140609741210938,12450000
2024-09-30,22.2357973748678,22.3595403081804,21.964513184228025,22.016864776611328,17088300
2024-10-01,22.054938774977188,22.06445774066551,21.588520349591818,21.68370819091797,13640500
2024-10-02,21.607560654099334,21.636115738743403,21.321997098757798,21.54092788696289,16504900
2024-10-03,21.39814648132461,21.46477743123555,21.179215698600895,21.198253631591797,10312400
2024-10-04,21.22681164661685,21.275357837779964,21.05547567271153,21.093549728393555,8451600
2024-10-07,21.141140182733402,21.164938507144758,20.82702154541034,20.93172836303711,9859300
2024-10-08,21.007877541083325,21.012637932020898,20.712796847455312,20.798465728759766,11377100
2024-10-09,20.7699125924943,20.83178497699128,20.465312877366877,20.49386978149414,10437800
2024-10-10,20.503385649536902,20.560497633598896,20.22734106471566,20.29397201538086,11911600
2024-10-11,20.36060369660223,20.474829484381974,20.2844537766015,20.427234649658203,14513000
2024-10-14,20.332045649859587,20.641403860496638,20.265414706508746,20.560495376586914,18677100
2024-10-15,20.550978366145873,20.926969371460707,20.50338534938381,20.712797164916992,11925300
2024-10-16,20.61760939125302,20.798466123613405,20.57953534081554,20.684240341186523,13919600
2024-10-17,20.78894760361592,20.78894760361592,20.341567061912755,20.41771697998047,12260700
2024-10-18,20.474829809170004,20.693760605700295,20.355845443809105,20.67472267150879,13309700
2024-10-21,21.84552963308164,22.264353280957422,21.70274694595046,21.816972732543945,38291800
2024-10-22,21.46477694580367,21.940714366469447,21.445740828800492,21.82649040222168,18080900
2024-10-23,21.7217848369684,21.850288165799636,21.42670412755442,21.6646728515625,10664000
2024-10-24,21.797933945873233,21.97879067775358,21.678949588291438,21.864564895629883,11664200
2024-10-25,21.85504521155952,21.91215900852468,21.540926590479764,21.550445556640625,8395700
2024-10-28,21.750339342658187,21.788413390217602,21.48857413818206,21.778894424438477,10540300
2024-10-29,21.62659439678804,21.806499761850308,21.540925521150207,21.68370819091797,13109200
2024-10-30,21.559968037728712,21.883605677732056,21.474299143871505,21.78841781616211,15919800
2024-10-31,21.58852169188879,22.05018157091289,21.522842095445593,21.82649040222168,34406400
2024-11-01,21.759860781467278,21.98355014824943,21.62659706097107,21.63611602783203,15528900
2024-11-04,21.712265517759413,22.10729446466915,21.645634566607708,21.931198120117188,17341800
2024-11-05,21.836008264195648,22.435688585061907,21.816970332598093,22.112051010131836,17781300
2024-11-06,22.41665272887557,22.41665272887557,21.231569518343573,21.417184829711914,16727100
2024-11-07,21.103065733329288,22.2595938342689,20.979322800289395,21.864564895629883,28744400
2024-11-08,21.76937949292356,22.578471695482843,21.740822592675702,22.54039764404297,16635100
2024-11-11,22.61654785117053,22.730771822505435,22.359541192331058,22.63558578491211,13838400
2024-11-12,22.616547639353264,22.797404377089876,22.49470740632846,22.5118408203125,10714200
2024-11-13,22.51664541609818,22.660674759940843,22.122964354926406,22.218982696533203,16481200
2024-11-14,22.295794403713376,22.804699946035203,22.209376446876988,22.670272827148438,14017300
2024-11-15,22.583859036305306,23.169578613381244,22.50704326399539,22.871917724609375,16166900
2024-11-18,22.857513855347815,23.049552357936154,22.727886904598698,22.775896072387695,14591600
2024-11-19,22.651069227073528,22.85270991250143,22.314999586594816,22.747089385986328,9838300
2024-11-20,22.718284877614813,22.83350944519043,22.62418588243028,22.83350944519043,7418800
2024-11-21,22.843109717989584,23.27519768922298,22.747089558349202,23.131168365478516,8331200
2024-11-22,23.284800498698797,23.342411863420317,23.04571067952771,23.121566772460938,10505900
2024-11-25,23.27999999811839,23.428829507577532,23.03034831247748,23.275197982788086,26971900
2024-11-26,23.30880456003431,23.486440665621313,22.987139130148865,23.159975051879883,12315700
2024-11-27,23.24639241068112,23.433632556746595,23.0927608791138,23.16957664489746,11666900
2024-11-29,23.04475100902149,23.275198299339834,22.929526448146188,23.121566772460938,7516500
2024-12-02,23.150373746314063,23.304005275686702,22.92472663629637,23.294403076171875,10173800
2024-12-03,23.169576628707834,23.2655967937284,22.497439136428532,22.545448303222656,13665700
2024-12-04,22.516642254795226,22.588656000889703,21.292388425434808,22.238183975219727,27219800
2024-12-05,22.459028970095137,22.52624253208654,22.084552363896076,22.20937728881836,13914400
2024-12-06,22.31500231306014,22.420624683912475,21.91171906149865,21.930923461914062,9708800
2024-12-09,22.084552992643452,22.334204681027817,21.83490130425909,21.902114868164062,15267200
2024-12-10,21.863708408360864,22.060548920681416,21.498832150955945,21.834901809692383,10492300
2024-12-11,21.844503569583335,21.868508152274444,21.30679322528693,21.33559799194336,9433200
2024-12-12,21.105150290564037,21.73408060084509,20.897747916374403,21.431617736816406,14949900
2024-12-13,21.393211796377145,21.42201656385256,21.0667443344855,21.32599639892578,9184000
2024-12-16,21.441220060359093,21.580449202069172,21.172363976170555,21.19156837463379,7786300
2024-12-17,21.220374959503694,21.292388706548934,20.989927672380897,21.162763595581055,10278500
2024-12-18,21.12435496192175,21.287588687157527,20.615449387614387,20.653858184814453,15271800
2024-12-19,20.66345996915503,20.893907253430875,20.567439809515374,20.7498779296875,13048400
2024-12-20,20.66346154566577,21.09554954986188,20.61545054646685,20.90351104736328,22915000
2024-12-23,20.845897476811547,20.957281527822072,20.673063377072744,20.730674743652344,13256800
2024-12-24,20.625052291658353,20.778683822843597,20.519431758613695,20.701868057250977,9164900
2024-12-26,20.644256373306426,20.90351026498007,20.58664500785638,20.855499267578125,5970300
2024-12-27,20.7306746445023,20.937117357810187,20.673063278198242,20.673063278198242,9833600
2024-12-30,20.57704367395317,20.605848442173727,20.336994171142578,20.336994171142578,7123700
2024-12-31,20.404208709856007,20.57704465313339,20.375402108832294,20.500228881835938,6934200
2025-01-02,20.66346121417645,20.72107258085858,20.308187151533307,20.433013916015625,8253900
2025-01-03,20.471422004199418,20.500228604833893,20.255377078021915,20.356199264526367,6079200
2025-01-06,20.740275978607684,20.740275978607684,20.22176820921218,20.269779205322266,10740100
2025-01-07,20.30818790887408,20.471421646754415,20.106547202250812,20.212167739868164,8828800
2025-01-08,20.15455524913441,20.26977981181401,19.904903556188852,20.260177612304688,7579300
2025-01-10,20.068137416551153,20.131510468582338,19.856894520257963,20.02012825012207,11057100
2025-01-13,20.000922153940234,20.250573827340094,19.876097232956376,20.13534927368164,12682000
2025-01-14,20.14495165226804,20.28418078834716,20.096942489483872,20.192962646484375,7275900
2025-01-15,20.34659570985028,20.41188810293654,19.93371028540388,20.02012825012207,10050000
2025-01-16,19.91450593941585,20.37060034743877,19.895301540220036,20.346595764160156,8810500
2025-01-17,20.35619777596564,20.495425090270114,20.19296404717171,20.260177612304688,11267000
2025-01-21,20.35619905649029,20.375401625284603,19.78968206982894,19.972118377685547,19203400
2025-01-22,19.972117672688736,20.020128671560787,19.780079171497547,19.924108505249023,19218300
2025-01-23,19.89530190592579,19.991322072237555,19.66965662124034,19.924108505249023,12575000
2025-01-24,19.962515483200175,20.02972904405693,19.890499907178125,19.952913284301758,12092500
2025-01-27,20.27938206693102,20.68266529026702,20.236173084736723,20.586645126342773,15342800
2025-01-28,20.548235532728377,20.788285017529955,20.471419770849163,20.509828567504883,13831600
2025-01-29,20.586645459620396,20.6538590260258,20.36579852958964,20.46181869506836,12249200
2025-01-30,20.644256373306426,20.90351026498007,20.529031810974047,20.855499267578125,11733100
2025-01-31,20.55783823897803,20.769081131498393,20.428211294215895,20.442615509033203,16433400
2025-02-03,20.33699487393087,20.42821302883548,20.21216810255358,20.3850040435791,9693600
2025-02-04,20.077740137486973,20.279382670876288,19.914506403384138,19.981719970703125,11813700
2025-02-05,20.164158619675504,20.212167788577965,19.77047757409167,19.914506912231445,19231100
2025-02-06,19.71766511369113,20.260177478063447,18.96390985581022,19.011919021606445,25808800
2025-02-07,19.107938731259786,19.424803979720597,19.050327367384792,19.376794815063477,17734300
2025-02-10,19.46321294200091,19.914505320482778,19.395999378336832,19.760873794555664,14043000
2025-02-11,19.770476653470524,20.125748882243062,19.712865287183792,20.077739715576172,10921800
2025-02-12,19.9080406866787,20.388043538419204,19.879918048286907,20.32501220703125,10317000
2025-02-13,20.2668302338815,20.931077513304658,20.24743569371429,20.800168991088867,14062000
2025-02-14,20.81956359762769,21.469265956497384,20.708047755751625,21.265628814697266,27015700
2025-02-18,21.129868509993354,21.527447330596424,21.066837180025026,21.333505630493164,14108300
2025-02-19,21.459567441093245,21.63896416939822,21.12986949485471,21.595327377319336,14198000
2025-02-20,21.595327356985976,21.895935341265687,21.221990769454862,21.71169090270996,19044800
2025-02-21,21.682601953701294,22.729883161954266,21.663207411986445,22.61351776123047,25663000
2025-02-24,22.59412384033203,22.82200508782973,22.254728598823135,22.59412384033203,18229000
2025-02-25,22.59412357375895,22.98200701587619,22.52139681553596,22.662004470825195,22641600
2025-02-26,22.691093420631972,22.72988250293704,22.201393278704558,22.51654624938965,14615800
2025-02-27,22.361396149322463,22.540792900932928,22.1383644495297,22.43897247314453,15159100
2025-02-28,22.545639376791627,22.91412643236699,22.44382080414696,22.88503646850586,30981700
2025-03-03,22.78806342948166,23.16624772006752,22.758971618834604,23.069278717041016,12834400
2025-03-04,23.195339784419073,23.622010430750173,22.700790095400905,22.710487365722656,15368100
2025-03-05,22.720187206154943,22.76867171368308,22.133516157063625,22.342002868652344,17384400
2025-03-06,22.390484824336376,22.53594017990864,22.24502946876411,22.477758407592773,9739200
2025-03-07,22.332303071000318,22.89473180270555,22.322605800678566,22.710487365722656,14446300
2025-03-10,22.817158670141318,23.617164162762673,22.72988507464583,23.195343017578125,18035100
2025-03-11,23.321400272311053,23.418371124603034,22.671697966389488,22.778366088867188,16475100
2025-03-12,22.380789113640635,22.594123526708607,22.085028821946533,22.371091842651367,13897400
2025-03-13,22.400182094649885,22.64260830379206,22.24502946876411,22.477758407592773,16433800
2025-03-14,22.516545895832326,22.545637707104326,22.02684576159424,22.118967056274414,15798900
2025-03-17,22.274119753118157,22.938368907486385,22.097634239722705,22.700790405273438,16372400
2025-03-18,22.69109536836404,22.962613419110045,22.58442908199969,22.63291358947754,16840600
2025-03-19,22.487457920089,22.817157745361328,22.44866883496737,22.817157745361328,9646900
2025-03-20,22.72988283797102,22.952914515816875,22.521396141421327,22.681396484375,16508300
2025-03-21,22.594121623260296,22.671697935073695,22.264421835662063,22.603818893432617,35334700
2025-03-24,22.448668207747648,22.875338884337417,22.390486431256193,22.662004470825195,13187600
2025-03-25,22.758972487853384,22.77836702902531,22.274120055946764,22.400182723999023,14987800
2025-03-26,22.400182725487017,22.71048798599743,22.10927015658457,22.69109344482422,9473400
2025-03-27,22.749275873202777,22.98103565306349,22.700791368440246,22.78806495666504,13790600
2025-03-28,22.88503521644714,23.049885117714105,22.72115448737176,22.982006072998047,14401300
2025-03-31,23.117764779866818,23.30685693793053,22.90443036940922,23.253522872924805,16360100
2025-04-01,23.29231129988069,23.311705841075256,23.040187813047094,23.156551361083984,11113800
2025-04-02,23.12746367223103,23.345647658203717,22.894734703715304,23.14685821533203,14093800
2025-04-03,23.27291743498279,23.495949116505706,22.618367371950022,22.904430389404297,21704000
2025-04-04,22.952913781788926,23.059581906723672,21.59532736712534,21.65350914001465,17771400
2025-04-07,21.343204487855182,21.784420131318633,20.722593960671055,21.110475540161133,26882400
2025-04-08,21.430477378373805,21.546840923658706,20.64016741425593,20.838956832885742,13443000
2025-04-09,20.56744103462681,21.488661473948365,20.325014797917493,21.120174407958984,22036500
2025-04-10,21.042597144434847,21.44017600687928,20.761381834646418,21.207447052001953,16963500
2025-04-11,21.31411205703471,21.561387828357073,20.97471499124698,21.420780181884766,13221700
2025-04-14,21.69229948647545,22.195575457964928,21.517752308064892,22.021997451782227,16487900
2025-04-15,22.02199685302871,22.41957755391261,21.876541491496454,22.215938568115234,22262800
2025-04-16,22.36139197252167,22.506847321323306,21.93472319597889,22.04138946533203,28527600
2025-04-17,22.03169414271056,22.817156424878576,22.03169414271056,22.681396484375,22595700
2025-04-21,22.62321399682002,22.67169849932313,21.35290116567336,21.595327377319336,20885900
2025-04-22,21.876542149197096,22.52139679911634,21.76017859629902,22.487457275390625,25918800
2025-04-23,22.26927360987026,22.487457586529626,22.0510896332109,22.245031356811523,13015000
2025-04-24,22.225637113334862,22.245031655868733,21.857150053018245,22.060787200927734,15417600
2025-04-25,22.186845510011047,22.749274232698692,21.70684265895413,22.312908172607422,22249600
2025-04-28,22.2838170181406,22.526243230738906,22.20624070409175,22.409879684448242,12011900
2025-04-29,22.283817937675718,22.729883149037263,21.915330893129482,22.67169952392578,13526300
2025-04-30,22.7880656066496,23.00140002308109,22.482608039150254,22.88503646850586,15990400
2025-05-01,22.64260835084592,23.311705207347032,22.458363913636735,23.234127044677734,15132800
2025-05-02,23.331099190324412,23.466859132947704,22.95291487419699,23.253522872924805,14097700
2025-05-05,23.214734972018313,23.25352220482106,22.7056402881125,22.9238224029541,23279500
2025-05-06,22.768670092819463,22.977156789566358,22.662003813937872,22.85594367980957,15082400
2025-05-07,22.79776125469249,22.90927709053988,22.308059269487387,22.409879684448242,36329100
2025-05-08,23.75776921540824,24.40747154956732,23.243824970619183,23.331098556518555,33046700
2025-05-09,23.321400722011454,23.757768640957156,23.28261349008584,23.699586868286133,24395100
2025-05-12,23.52504028103749,23.864437354193797,23.17594593726926,23.272916793823242,15042200
2025-05-13,23.175945263072773,23.27291611680584,22.788063697705716,22.94321632385254,17777300
2025-05-14,22.88941773920029,23.054730815304712,22.58618238062938,22.693782806396484,13383200
2025-05-15,22.918763938795756,23.47143631168085,22.811163512464816,23.358943939208984,18331200
2025-05-16,23.495890370254052,23.7013073299789,23.378507917746433,23.65239906311035,20725200
2025-05-19,23.691524972003513,23.74043510391857,23.35894353790415,23.47632598876953,22180000
2025-05-20,23.476326308867655,23.662181081217476,23.398071962467327,23.60348892211914,16356900
2025-05-21,23.554580334102866,23.823579529578033,23.40785366981921,23.47632598876953,15095600
2025-05-22,23.476326151097076,23.505672230449026,22.95788994359727,22.98723602294922,13277400
2025-05-23,23.124180957481833,23.249388285628076,22.894309863009944,23.212217330932617,10164000
2025-05-27,23.339381760049434,23.47632640035096,23.119290826899984,23.407854080200195,11682500
2025-05-28,23.398071771826167,23.41763582469954,22.889417591503022,23.036144256591797,10980800
2025-05-29,22.997018402182086,23.207327309770335,22.957890295779247,23.06549072265625,19711500
2025-05-30,23.163310180332445,23.378509178179435,22.948109316754568,23.349164962768555,30017400
2025-06-02,23.133962253618606,23.26112672935718,22.84050892853545,23.153526306152344,9774700
2025-06-03,23.114399871391896,23.114399871391896,21.33900395460179,21.725383758544922,41957100
2025-06-04,21.793857788026507,21.940584460098222,21.1776031533021,21.20694923400879,25027800
2025-06-05,21.206946938125355,21.427037855271116,20.87436552237858,21.177600860595703,16854800
2025-06-06,21.216731225837993,21.431930220138707,21.177603118293757,21.255857467651367,9670500
2025-06-09,21.11891258977471,21.197166938269202,20.815677222574895,20.83523941040039,20375200
2025-06-10,20.92327345900148,21.11891024134829,20.84012903922899,21.050437927246094,14937400
2025-06-11,21.045546274726807,21.37812768991129,20.991746065545396,21.37323760986328,22313400
2025-06-12,21.275420309004314,21.656910007166413,21.19716596410617,21.559093475341797,28059400
2025-06-13,21.48083627841494,21.583546617284018,20.864583573853814,20.981966018676758,37242900
2025-06-16,21.177600860595703,21.54931037971535,20.9721839150801,21.177600860595703,16345200
2025-06-17,21.1286938260209,21.34389280989636,20.952621082063352,20.972185134887695,17940900
2025-06-18,20.942838700681786,21.070003176153875,20.65916740245996,20.893930435180664,14259300
2025-06-20,20.923274993896484,21.226512215352063,20.874366727587272,20.923274993896484,24956500
2025-06-23,20.933055530374347,20.99663776463541,20.571129907692725,20.903711318969727,14174300
2025-06-24,20.825458550746973,21.021093482555067,20.65916783255817,20.72764015197754,16640400
2025-06-25,20.664056386793362,20.923273538516966,20.541783863794585,20.70807456970215,16355800
2025-06-26,20.668947639104566,20.71296582451,20.473312710648774,20.649385452270508,16341600
2025-06-27,20.698293371063254,20.75698366204331,20.35592991983996,20.424402236938477,24150300
2025-06-30,20.404840060796392,20.551566721186415,20.282567532849587,20.473312377929688,21679400
2025-07-01,20.483093608934087,20.874365310029212,20.44885745169643,20.51243782043457,17882900
2025-07-02,20.522222168287445,20.571132302540214,20.23855085254479,20.443967819213867,18186700
2025-07-03,20.53200413229739,20.664058695779424,20.395059488270476,20.590694427490234,6093100
2025-07-07,20.551568248839107,20.683622812725307,20.355931443289734,20.443967819213867,11616800
2025-07-08,20.297241246053307,20.395059649300944,20.033132117003955,20.248332977294922,16971400
2025-07-09,20.346148334316975,20.41462251862901,20.062477033661548,20.307022094726562,15930200
2025-07-10,20.336366983402712,20.639602318969953,20.29723888037177,20.463529586791992,12723700
2025-07-11,20.36571258062671,21.006421318372357,20.194531782545813,20.874366760253906,25967600
2025-07-14,22.087310275298442,22.09709230182118,20.507549373626652,21.34389305114746,58614500
2025-07-15,21.104239683848263,21.353674827194478,20.708076010112872,20.923274993896484,31071000
2025-07-16,20.84501940960651,21.441709924919383,20.82545722368381,21.37323760986328,21829100
2025-07-17,21.35367355820992,21.539528317455524,21.149234255905085,21.37323760986328,13172800
2025-07-18,21.471055954845227,21.744945214463023,21.42997256590256,21.51996421813965,12727200
2025-07-21,21.49061846768916,21.813417861243195,21.327262552294446,21.647127151489258,10716600
2025-07-22,21.539529584229392,22.209582534053254,21.51996553142544,22.17534637451172,13673000
2025-07-23,22.214472290377987,22.28588126864395,21.862328673696894,22.04818344116211,18382400
2025-07-24,22.077528411742403,22.155782758771156,21.925911663847767,22.009056091308594,6740100
2025-07-25,21.96992900020138,22.370984646204448,21.823202325958295,22.341638565063477,9690400
2025-07-28,22.1362195392568,22.243819970122743,21.862330247206575,21.872112274169922,9230800
2025-07-29,21.89167336745516,21.950365526299755,21.06022164019527,21.686256408691406,28088900
2025-07-30,21.696039384735077,21.86233011061125,21.19716720710656,21.20694923400879,15348500
2025-07-31,21.01131137480561,21.378128969473575,20.859694629743878,20.972185134887695,29026400
2025-08-01,21.23629232833486,21.275420433878963,20.937948919349477,21.118911743164062,13846400
2025-08-04,20.97218416309795,21.798745766452903,20.95262011118015,21.69603729248047,32707600
2025-08-05,21.656910100971164,21.735164446208255,21.16781997680664,21.16781997680664,18068900
2025-08-06,21.2069481715875,21.304766569978444,20.94283905565118,20.972185134887695,32966700
2025-08-07,20.913492494198504,21.480836952907424,20.65916727626927,21.285202026367188,30407500
2025-08-08,21.14825790291411,21.35367486061119,20.50265721909143,20.874366760253906,25925000
2025-08-11,20.913491483304053,20.972183637586777,20.51243775769195,20.756982803344727,18729400
2025-08-12,20.786329091500217,21.45149192094513,20.532002017551832,21.42214584350586,16072100
2025-08-13,21.489301452887577,21.68187531231874,21.114027674429206,21.439922332763672,12908800
2025-08-14,21.291787843827247,21.326352284649342,20.565932702942504,20.79800796508789,17355400
2025-08-15,20.936267852783203,21.025148382668156,20.733818175516543,20.936267852783203,16054000
2025-08-18,20.916517681709266,21.02514986670763,20.70912913613247,20.837512969970703,13241000
2025-08-19,20.93626869963324,21.27203918530889,20.827636517908513,21.222660064697266,13902100
2025-08-20,21.301664983348672,21.573243556707958,21.133779738861335,21.360918045043945,10076900
2025-08-21,21.163406799264035,21.321416216454047,21.084402090669027,21.173282623291016,8979400
2025-08-22,21.242411095220568,21.50905268790696,21.207846653607977,21.341167449951172,8620200
2025-08-25,21.272039829171135,21.36091848172054,20.896766035647392,20.926393508911133,8122900
2025-08-26,20.995520663379697,21.133778426624268,20.49186496119064,20.531368255615234,18006000
2025-08-27,20.521492629184166,20.689377864860266,20.452361863276902,20.491865158081055,16465100
2025-08-28,20.51161744255157,20.54618188476835,20.175846960770713,20.28447914123535,13467600
2025-08-29,20.29435264704776,20.50174117952834,20.244975411687083,20.452362060546875,10307400
2025-09-02,20.402985903544934,20.560995325395318,20.333857016938,20.521493911743164,11719600
2025-09-03,20.43261272754273,20.526430230155146,20.15609530627654,20.195598602294922,19118200
2025-09-04,20.274603317227584,20.309167759444364,20.00796171988028,20.28447914123535,16966400
2025-09-05,20.254852260551573,20.4326133306395,16.931713671561706,18.388364791870117,135445400
2025-09-08,18.516746298212038,18.694507364054207,17.973589160246153,18.200727462768555,56135000
2025-09-09,18.26985595829103,18.734008377506285,17.894584070103065,18.63525390625,39520400
2025-09-10,18.645128016381037,18.7142587839595,17.825453465587383,18.2402286529541,25229000
2025-09-11,18.200728104116802,18.80314020767147,18.180976455300375,18.615503311157227,22265500
2025-09-12,18.58587415168921,19.178410377076542,18.536496917748906,18.753759384155273,26731000
2025-09-15,18.75376041226782,18.77351206037505,17.86001811343427,18.022966384887695,24893300
2025-09-16,18.121723369092365,18.348861679325513,17.77607704973446,17.90445899963379,19689000
2025-09-17,17.90445838587424,18.38342549272081,17.795828088489667,18.111846923828125,17820400
2025-09-18,17.953836859308506,18.29948315436463,17.82545303481471,17.874832153320312,27556700
2025-09-19,17.983463094708853,18.3587368743889,17.82051670682158,18.111846923828125,49475600
2025-09-22,17.48968223207833,17.736572169066136,16.674946570191004,16.758888244628906,76034200
2025-09-23,17.677319145664242,17.963712377259885,17.005778214384137,17.025529861450195,68556700
2025-09-24,17.292172518436693,17.292172518436693,16.326338390281986,16.650259017944336,52306400
2025-09-25,16.749012791380064,16.81814355750632,15.939214081537408,15.968841552734375,61109000
2025-09-26,16.21573257446289,16.353990348675975,15.870086255309275,16.21573257446289,51681100
2025-09-29,16.294735787859878,16.3934921390559,15.929337853520808,16.13672637939453,39463500
2025-09-30,16.15647907533786,16.31448849406217,15.95896636012205,16.028095245361328,37973600
2025-10-01,16.018219524990002,16.19598059311144,15.623195975620625,15.652823448181152,50561200
2025-10-02,15.721951997547318,15.737752750822,15.277550278560712,15.53431510925293,30873300
2025-10-03,15.573817997588836,15.761453939162385,15.405932761639162,15.613320350646973,22120200
2025-10-06,15.633071677495842,15.721952210861168,15.455310610765192,15.494812965393066,25054700
2025-10-07,15.534314926747278,16.097223701396256,15.445435337442493,16.018218994140625,31078400
2025-10-08,15.899712661247433,16.08734954481401,15.825644925107243,15.879961013793945,18797500
2025-10-09,15.96884140070294,16.64038233914123,15.860209224302405,16.63050651550293,39063200
2025-10-10,16.640383816813674,16.739140178345515,16.363866381248716,16.44287109375,21210900
2025-10-13,16.35398947088226,16.43793303187807,15.939214286884994,16.018218994140625,23283000
2025-10-14,15.998469122934468,16.200918801647948,15.791080590513875,15.949090003967285,17858800
2025-10-15,15.998469032868549,16.521874505628578,15.97871738539287,16.057722091674805,16035800
2025-10-16,16.077474026420305,16.225607617893164,13.875215209483164,13.934468269348145,87211200
2025-10-17,14.043100912773047,15.381244017629818,14.043100912773047,15.0997896194458,51896500
2025-10-20,14.981281900957962,15.07016243162819,14.695876620432218,14.773894309997559,29629300
2025-10-21,14.91215366214171,15.060287258451485,14.620823439830108,14.744268417358398,25586000
2025-10-22,14.754142881231981,15.346679133282594,14.68501399715656,15.001032829284668,23711600
2025-10-23,14.97140587491406,15.060286404383692,14.808458551489865,14.902276992797852,20422400
2025-10-24,15.05041057108465,15.139291100497454,14.793644806516628,14.813396453857422,20455000
2025-10-27,14.912153343302688,15.040535288393972,14.699827835804122,14.892401695251465,18913800
2025-10-28,14.714640278667638,14.739329838142115,14.250487862272186,14.329492568969727,29928100
2025-10-29,14.161607425751654,14.892401438458155,13.914717480231047,14.131980895996094,64351200
2025-10-30,14.181358011981047,14.191233835753028,13.845588480027184,14.062850952148438,34414100
2025-10-31,14.062851698207517,14.230736943996252,13.88509156993331,14.191234588623047,46602300
2025-11-03,16.85270865945531,16.966277811398232,15.934277736171575,15.939214706420898,203526000
2025-11-04,15.929338351353898,16.225607414201146,15.682449349268646,15.771329879760742,82978500
2025-11-05,15.810832765520615,16.24535960882289,15.751578762593786,16.028095245361328,59492800
2025-11-06,16.018219633422387,16.531751192889267,15.998469868535873,16.255233764648438,63905400
2025-11-07,16.304611654013826,16.8280189981881,16.28486000699878,16.670007705688477,47283800
2025-11-10,16.531751006576723,16.67988460147093,16.265109405594632,16.561378479003906,43689200
2025-11-11,16.571254074285036,16.828019847578606,16.492249365857848,16.511999130249023,28741500
2025-11-12,16.65999984741211,17.040000915527344,16.610000610351562,16.670000076293945,34933500
2025-11-13,16.790000915527344,17.059999465942383,16.75,16.770000457763672,30762100
2025-11-14,16.81999969482422,16.979999542236328,16.639999389648438,16.65999984741211,34737900
2025-11-17,16.690000534057617,17.239999771118164,15.9399995803833,16.239999771118164,54955600
2025-11-18,16.440000534057617,16.604999542236328,16.100000381469727,16.229999542236328,44935300
2025-11-19,16.239999771118164,16.280000686645508,16.0,16.059999465942383,30635600
2025-11-20,16.1200008392334,16.445999145507812,16.06999969482422,16.149999618530273,27266900
2025-11-21,16.25,16.75,16.200000762939453,16.639999389648438,46900000
2025-11-24,16.6200008392334,16.90999984741211,16.479999542236328,16.760000228881836,69858400
2025-11-25,16.799999237060547,17.059999465942383,16.760000228881836,17.030000686645508,46709500
2025-11-26,16.979999542236328,17.469999313354492,16.959999084472656,17.219999313354492,46265500
2025-11-28,17.200000762939453,17.40999984741211,17.15999984741211,17.350000381469727,9197800
2025-12-01,17.295000076293945,17.549999237060547,17.209999084472656,17.219999313354492,26675100
2025-12-02,17.1200008392334,17.148000717163086,16.829999923706055,16.860000610351562,30996900
2025-12-03,16.950000762939453,17.049999237060547,16.75,16.969999313354492,41596100
2025-12-04,16.950000762939453,17.190000534057617,16.920000076293945,16.989999771118164,38194800
2025-12-05,16.93000030517578,17.084999084472656,16.825000762939453,16.93000030517578,21148100
2025-12-08,16.8700008392334,16.90999984741211,16.700000762939453,16.760000228881836,25717700
2025-12-09,16.780000686645508,17.079999923706055,16.760000228881836,17.020000457763672,37343400
2025-12-10,17.0,17.350000381469727,16.979999542236328,17.31999969482422,34842800
2025-12-11,17.31999969482422,17.58799934387207,17.239999771118164,17.31999969482422,57405300
2025-12-12,17.399999618530273,17.489999771118164,17.299999237060547,17.329999923706055,46965300
2025-12-15,17.350000381469727,17.3799991607666,17.18000030517578,17.209999084472656,46841600
2025-12-16,17.3799991607666,17.440000534057617,17.139999389648438,17.25,24567300
2025-12-17,17.270000457763672,17.479999542236328,17.2450008392334,17.280000686645508,38076600
2025-12-18,17.280000686645508,17.399999618530273,17.06999969482422,17.100000381469727,53627200
2025-12-19,17.15999984741211,17.15999984741211,16.959999084472656,17.020000457763672,49715800
2025-12-22,16.979999542236328,17.065000534057617,16.924999237060547,17.010000228881836,33898800
2025-12-23,17.010000228881836,17.1200008392334,16.93000030517578,17.020000457763672,27073500
2025-12-24,17.0,17.236000061035156,16.9950008392334,17.209999084472656,14126800
2025-12-26,17.170000076293945,17.309999465942383,17.145000457763672,17.190000534057617,15562000
2025-12-29,17.209999084472656,17.299999237060547,17.15999984741211,17.190000534057617,22675900
2025-12-30,17.200000762939453,17.360000610351562,17.170000076293945,17.329999923706055,14425300
2025-12-31,17.31999969482422,17.3700008392334,17.25,17.25,12844300
2026-01-02,17.270000457763672,17.420000076293945,17.18000030517578,17.31999969482422,33294700
2026-01-05,17.219999313354492,17.2450008392334,16.780000686645508,16.81999969482422,47367200
2026-01-06,16.760000228881836,16.899999618530273,16.719999313354492,16.75,32121000
2026-01-07,16.700000762939453,16.815000534057617,16.55500030517578,16.739999771118164,40803000
2026-01-08,16.665000915527344,17.045000076293945,16.6299991607666,16.989999771118164,32662100
2026-01-09,17.049999237060547,17.049999237060547,16.75,16.829999923706055,57493100
2026-01-12,16.84000015258789,17.200000762939453,16.84000015258789,17.0,44658100
2026-01-13,17.030000686645508,17.190000534057617,16.899999618530273,17.010000228881836,43774200
2026-01-14,17.030000686645508,17.18000030517578,17.020000457763672,17.1200008392334,47245500
