2023-10-04,75.94758278274547,79.86036883748415,75.63059825302679,77.06694030761719,8358300
2023-10-05,75.28389526465135,76.26456494212839,71.96546191909248,73.74849700927734,15351900
2023-10-06,72.3517909782198,77.7306278096447,72.3517909782198,77.24524688720703,7781100
2023-10-09,75.92778479354631,77.2650632224329,73.03925975954726,73.9070053100586,7000900
2023-10-10,73.2631105717776,74.79850871095046,71.81686833699544,74.2933120727539,5385600
2023-10-11,73.73860205622391,75.83862181952894,72.91642079992623,73.76831817626953,4602500
2023-10-12,73.05510561977907,74.59050408292683,72.06452791646004,73.53058624267578,4668700
2023-10-13,72.93623901398657,73.29284761837658,69.80601716796252,71.17301177978516,5286500
2023-10-16,70.94518736572671,74.13484165071945,70.94518736572671,73.51078033447266,4555000
2023-10-17,72.44093535776976,74.41714034110808,72.32207088554361,73.7782211303711,2584900
2023-10-18,72.80745882074935,73.23439755512328,71.59004255111657,71.76734924316406,2959800
2023-10-19,71.14327553759252,72.05460502109952,69.29089289736079,69.62769317626953,2867400
2023-10-20,69.73666797996906,70.11308476577221,68.25080150691932,69.2710952758789,3151500
2023-10-23,68.64703381445352,71.78716313497921,67.01257918886984,71.2225341796875,4089800
2023-10-24,71.60885771934824,73.01547613896287,71.11356890476497,71.33149719238281,3432200
2023-10-25,70.62819019201926,71.65343414037513,69.12250791638004,70.12299346923828,3298200
2023-10-26,65.70501327642206,71.54942256162259,64.89273995593706,69.3404312133789,3537100
2023-10-27,67.99324215075666,68.78570721053515,67.11162873944421,67.349365234375,3412000
2023-10-30,67.83475337334946,68.67674277219913,66.78473604015996,67.71588134765625,3393700
2023-10-31,68.27061311539728,69.07298618968343,67.01258276455337,68.34986114501953,3370700
2023-11-01,67.51777837140432,68.53807217373642,66.83427735304254,66.8739013671875,2503500
2023-11-02,67.35928934164447,69.87535782101283,66.06163486243616,69.61780548095703,2848700
2023-11-03,69.80599641087242,70.42014961330538,68.40927853274633,70.13288879394531,2225900
2023-11-06,69.38996372480436,69.40977195145027,67.43852464861463,67.61682891845703,2855000
2023-11-07,67.11163496281391,69.58807905738269,66.72531028866179,69.40977478027344,2133600
2023-11-08,69.14231872558594,69.65741574649111,68.89467432837039,69.14231872558594,2053800
2023-11-09,68.4390098630464,69.6574237628687,68.4390098630464,68.97392272949219,2020500
2023-11-10,68.65693221969615,70.11308252596854,68.48853583859854,69.88525390625,1645300
2023-11-13,69.61778692927588,72.51027147524024,69.51873068873044,72.29235076904297,2964300
2023-11-14,73.15416182427745,73.40180624992328,72.32208018171134,72.93623352050781,2814500
2023-11-15,72.77772839193446,73.93670222538756,72.32206365974365,73.21358489990234,3437100
2023-11-16,72.05460236683507,72.37158685192195,69.9149589818752,70.21212768554688,2446600
2023-11-17,70.2319499755255,70.69752263434708,69.39986090161933,70.32109832763672,1500400
2023-11-20,70.33100584334403,70.67770647332392,69.91496508736817,70.09326934814453,1814300
2023-11-21,70.13289541086942,72.11405056306904,69.80600299695477,71.628662109375,1767600
2023-11-22,72.11406629572288,73.13436021249538,71.6583938606996,72.25274658203125,1906300
2023-11-24,71.97536680728658,73.43150942504384,71.5494181679747,73.3126449584961,823400
2023-11-27,73.12443385197666,73.29283022032385,72.31216056979432,72.80744934082031,1649900
2023-11-28,72.23787555821269,73.8366662560054,72.163577702623,72.629150390625,2062100
2023-11-29,72.70840227448213,74.54096944706113,72.54990622014707,73.52067565917969,2519200
2023-11-30,73.99613439972576,76.88862637200312,73.99613439972576,76.52210998535156,8454100
2023-12-01,76.44287029267993,76.44287029267993,75.25418021567272,75.78909301757812,2039400
2023-12-04,75.2541758935447,76.1952215206687,74.77869535554612,75.06596374511719,1625800
2023-12-05,74.68955424015863,75.42257956462956,74.5102599323452,74.83814239501953,1411400
2023-12-06,74.8381408843377,75.7692786914889,74.31312840675943,75.1155014038086,2001200
2023-12-07,75.08578512491091,75.57116603295049,73.91690325426957,73.92680358886719,1296000
2023-12-08,73.89708757561209,74.93223935559095,73.57019515324804,74.71926879882812,1131300
2023-12-11,74.2933176455025,76.63108131201487,73.94661700799158,76.0961685180664,1649000
2023-12-12,75.65041958906332,77.1461864335189,75.0659748322333,76.7202377319336,2329300
2023-12-13,76.4428783445409,77.96242868918797,75.58108059306355,77.00750732421875,3854100
2023-12-14,77.77025378609609,78.96885184137442,76.89854061316078,78.58252716064453,3231000
2023-12-15,78.12685618900991,79.1768660018287,77.29476709474234,78.10704040527344,6727600
2023-12-18,78.44383831185493,80.1575332347928,77.69099726054624,80.07828521728516,1955000
2023-12-19,80.83112670986955,82.83209759657306,80.22687379871218,82.65379333496094,2902900
2023-12-20,82.76275701684514,83.09459958795672,79.86036450386912,79.88017272949219,1704100
2023-12-21,80.55377963463114,81.20756455537791,79.0580051660354,80.35566711425781,919300
2023-12-22,79.88016534314245,81.01933092755918,79.2759124911694,80.87074279785156,712700
2023-12-26,80.93019144249477,81.55921036992609,80.62311478764995,81.35614013671875,700200
2023-12-27,81.36604924114295,82.71323547747247,81.20756074378481,82.43587493896484,1018100
2023-12-28,82.30696699505954,82.74329550617485,81.58305901668103,82.34663391113281,799300
2023-12-29,82.14828665607199,82.66394891977207,81.17647384213561,81.57313537597656,675000
2024-01-02,80.42282442714345,81.31531106169028,79.28242525887198,80.34349060058594,1129600
2024-01-03,79.9269957312871,80.22449378452738,77.10079448826363,77.3982925415039,1198300
2024-01-04,76.80328875718224,77.62636006526871,75.93063948897175,75.97030639648438,1388500
2024-01-05,75.97030937746136,76.99170769750026,75.61331476152884,76.25788879394531,1899300
2024-01-08,75.83148359661008,77.1900393779367,75.83148359661008,76.86280059814453,1555800
2024-01-09,76.85287640808016,76.92724713316713,76.07939060441879,76.0992202758789,2100300
2024-01-10,75.76207604562433,76.08932242416127,74.36880873888163,75.79182434082031,1625000
2024-01-11,75.76207568152108,75.95048407208705,74.33409699345206,75.44474792480469,1020100
2024-01-12,75.57364271601922,75.78188830021135,74.3737471695662,75.12740325927734,1066100
2024-01-16,73.73910480487086,74.65142111529737,73.2928652694225,73.92752075195312,1342700
2024-01-17,73.84817636645386,75.34556997787048,73.64984182796444,75.24639892578125,1469100
2024-01-18,75.20673418058449,75.94056064556227,74.40350008225099,75.37532043457031,1253400
2024-01-19,75.2365008671134,77.03138524772254,75.2365008671134,76.90247344970703,1280800
2024-01-22,77.01154871934615,79.09401237082851,76.8528810752726,79.02459716796875,1496100
2024-01-23,79.82782698130707,79.82782698130707,78.2015215461977,78.23126983642578,1202800
2024-01-24,78.83617381372973,78.83617381372973,75.58356307318293,75.62322998046875,1338600
2024-01-25,75.81165014819875,76.29756416391284,75.35549199185321,76.05956268310547,1081000
2024-01-26,76.42646363592188,77.44786190454367,75.80172687233379,76.34712982177734,997600
2024-01-29,75.99014991124947,77.30904645498613,75.42490961617526,77.24954986572266,1044100
2024-01-30,77.09087164157472,77.71561600598251,76.18351095120717,77.67594909667969,1199100
2024-01-31,77.67594214831097,77.94368430504292,75.97030302931132,76.04963684082031,2405800
2024-02-01,76.10914442883814,76.48596873949546,74.54233547043331,76.14881134033203,1508000
2024-02-02,76.04964568922149,76.48596657190959,74.71091205273359,76.1983871459961,1069200
2024-02-05,75.43482717507551,75.97031916798477,74.85966826798517,75.1373291015625,1323400
2024-02-06,74.58200524045357,77.07104918084286,74.42334515408676,76.97188568115234,1552900
2024-02-07,79.5700064284835,82.26729606431181,78.7647900119939,80.48233032226562,2520300
2024-02-08,81.04754943332797,83.18950927728774,80.81946662805149,81.87061309814453,2085600
2024-02-09,81.8805499696776,82.85237041456593,81.30539108526798,81.44422149658203,1319500
2024-02-12,81.84087838101462,83.0903595771409,81.35497196917812,82.80278015136719,1681800
2024-02-13,81.23598098834627,83.08045092973002,80.54777552082848,81.50373077392578,1068900
2024-02-14,82.34662203371394,83.74980777894076,82.20779163032729,83.51676940917969,1414000
2024-02-15,83.99274843184732,86.30329465017964,83.61096864524266,85.8669662475586,1767700
2024-02-16,85.69840879757415,85.97606964413069,85.08359051325338,85.37116241455078,1486200
2024-02-20,84.43899958688687,85.42073097516462,84.30016919119866,85.05381774902344,1534400
2024-02-21,83.45727030264266,84.82574462279362,82.64411001355533,84.64724731445312,869100
2024-02-22,85.32157560634683,85.86202309567962,84.9844106378148,85.222412109375,1006600
2024-02-23,85.6884790864986,86.67516598242423,85.6388935608277,85.98596954345703,1152700
2024-02-26,86.05538640623335,86.70987904245476,85.44056824386809,85.58930969238281,893800
2024-02-27,86.84871545154176,87.13629488139729,86.06035545707158,87.05696105957031,1836600
2024-02-28,86.85862056481047,88.06843478501973,86.12480167732042,86.83879089355469,1064500
2024-02-29,87.1660401657949,87.1660401657949,85.29281329782361,85.69839477539062,2953400
2024-03-01,84.98439887220903,86.3132137578721,84.98439887220903,86.03555297851562,816800
2024-03-04,86.50164152098915,87.70649276052742,86.16447655295093,87.00737762451172,1522800
2024-03-05,86.64047776940765,88.04861919005009,86.10498577162313,87.76103973388672,1683500
2024-03-06,88.07835941623091,88.87168250302341,87.34454047864614,88.12794494628906,1298400
2024-03-07,88.52459507512508,89.7939134719436,88.4452688224465,88.57418060302734,934500
2024-03-08,88.70309495143893,89.75424916101981,88.13785471916101,88.51468658447266,698900
2024-03-11,88.12794197317743,88.42543244642114,86.6008000003203,88.01885986328125,1085500
2024-03-12,88.59400983461359,88.81515493277998,87.66186395333452,87.69161224365234,1316800
2024-03-13,87.66186605670357,88.8568061844034,87.15612241209764,88.35601806640625,1281100
2024-03-14,88.1874304428249,88.39567602464699,86.92803833398982,87.49327850341797,1124700
2024-03-15,86.28346883941501,87.5329423953195,85.18273673134027,85.77772521972656,5058400
2024-03-18,86.72971642317736,86.95283618147192,85.99093437856357,86.30330657958984,2674800
2024-03-19,86.5908839113668,86.99746407207485,86.27355619122207,86.70988464355469,1697500
2024-03-20,86.65037459976958,87.88002605165532,86.56905857315992,87.38420104980469,1736100
2024-03-21,88.40560025808124,89.59557724856307,87.69359324808515,89.14933776855469,1733500
2024-03-22,89.93275332179854,89.93275332179854,88.21223972930274,88.71302032470703,1495400
2024-03-25,88.55435518188276,89.24850721169786,88.15769363669283,88.65351867675781,1350800
2024-03-26,88.80226601011435,89.43692144405132,88.40560447248134,88.51468658447266,1518800
2024-03-27,88.89189159017755,89.96394881206852,88.08783920710259,89.08049011230469,1395700
2024-03-28,89.1003449321203,89.18967987594652,87.9786445930231,88.00843048095703,1546500
2024-04-01,87.93893874195898,88.00843157467658,86.66834681402787,86.89665985107422,1172600
2024-04-02,86.66834888274138,86.66834888274138,85.91393964085337,85.94371795654297,1424200
2024-04-03,85.81467137871614,87.14482758644392,85.27864653161356,86.60879516601562,3038000
2024-04-04,87.4723932007166,87.4723932007166,85.96355970953029,86.05290222167969,1543300
2024-04-05,86.32092453530721,86.9363708423777,85.95364096237918,86.44996643066406,1993800
2024-04-08,86.80731901832382,87.49225056943669,86.41026471312983,87.02570343017578,923800
2024-04-09,87.36319954343766,89.02092457161015,86.93635939398894,88.54444885253906,1215100
2024-04-10,87.08527163091695,87.93894448491902,86.68820973417655,87.55181121826172,1142500
2024-04-11,87.64115401828566,88.2863786558545,85.61614515452732,86.76762390136719,1241000
2024-04-12,86.00328197049924,87.11505381607402,85.40769288560514,86.72792053222656,1299000
2024-04-15,87.8198387674393,90.1029316166629,87.8198387674393,89.19962310791016,2158300
2024-04-16,89.01101050543954,90.69852169546121,88.81248334111976,90.2220458984375,2097700
2024-04-17,90.90698133071571,91.47279210359044,89.43686239764162,89.88455200195312,2265100
2024-04-18,89.88455447679333,89.98381806588007,87.7702029199462,88.14741516113281,2378100
2024-04-19,88.17717585602732,88.99114924116718,87.76026432119774,88.23673248291016,5196800
2024-04-22,88.4848955936453,90.79777387685762,87.48231612106692,90.55953979492188,1995500
2024-04-23,91.10551216868863,93.15533901066009,90.7283074960389,93.03125762939453,2554700
2024-04-24,92.75330513958639,94.69890004974708,88.08784123379981,91.720947265625,3370000
2024-04-25,91.95918082087384,93.4183788881468,90.19226339120267,93.1007308959961,1921400
2024-04-26,92.87241691891482,93.64668341867329,91.92444105352232,93.42830657958984,1151400
2024-04-29,93.45808267489264,94.8577164896676,93.3290332124485,94.19264221191406,1869000
2024-04-30,93.83528307483452,94.73859897810173,92.91211748694958,92.99153137207031,1287900
2024-05-01,92.95182658729195,94.51028814567097,92.76322049908315,93.68638610839844,1091900
2024-05-02,93.70624697696371,94.30183600549121,92.42572640030063,93.16028594970703,1265900
2024-05-03,94.11323784860008,95.4235368512163,93.82536815297574,95.185302734375,939900
2024-05-06,96.18787909949724,96.52537678915992,95.31434141175706,96.27721405029297,632600
2024-05-07,96.32683980824919,96.67426609258263,95.4334525247311,96.55514526367188,1240900
2024-05-08,95.97941994646257,96.18787573101163,95.57242943377715,96.01912689208984,1039000
2024-05-09,95.97942013781405,96.74375801601776,95.17536774057837,95.23493194580078,1860600
2024-05-10,95.66177536285038,96.10846526375151,94.76838798772235,95.79081726074219,1521600
2024-05-13,95.99927422791444,95.99927422791444,95.00166273124901,95.16545104980469,1273800
2024-05-14,95.463239371687,96.5154545211392,94.53511316343673,96.22758483886719,1310900
2024-05-15,97.03162198842384,98.63971911503822,97.0216933592495,98.17317199707031,1425500
2024-05-16,97.95479926431241,98.47097444299261,97.6867868312782,97.72648620605469,1261200
2024-05-17,97.57759833698971,98.21289438419484,96.70406059208796,97.8753890991211,1319400
2024-05-20,98.01434641375026,99.05663287391889,96.6246336579672,97.89523315429688,1278000
2024-05-21,97.89524498899699,99.01693789996256,97.42869780420233,98.79855346679688,882100
2024-05-22,98.80847303322875,100.17832857016002,98.77869471749716,100.0195083618164,1207400
2024-05-23,100.13862212758158,100.30737853978376,99.08145404717442,99.1261215209961,1175400
2024-05-24,99.36436604072121,101.55812389613187,99.0616071753067,101.43901062011719,1867300
2024-05-28,101.26032434745046,101.82613507940955,99.55296352165796,99.93016815185547,2062300
2024-05-29,99.05664011485895,100.2180399193781,97.72648389156949,97.81582641601562,1613500
2024-05-30,98.08384376001244,98.79855369810942,97.26987023569673,98.50076293945312,1786100
2024-05-31,98.72906756830471,99.70682940934019,97.3443227553283,97.85553741455078,6836500
2024-06-03,100.10884019174641,100.4661951160488,96.6047837810329,98.19302368164062,1350100
2024-06-04,97.79596304249537,99.73163683568646,97.69669946745809,99.70185852050781,1233000
2024-06-05,99.83089869629936,100.24781024829143,98.87894686592155,100.05921173095703,762000
2024-06-06,100.16841735719807,100.96253362360369,98.00642205738833,98.58016967773438,1119700
2024-06-07,97.96968619908266,99.28494569181699,97.58751345893265,98.49082946777344,1062000
2024-06-10,98.15330793651694,99.2948578660519,97.62224369903225,99.11618041992188,943800
2024-06-11,98.70920902127969,99.46361826090633,97.54780169958852,99.45369720458984,798200
2024-06-12,100.25773789841672,100.71435638994713,98.87795379459165,100.38677978515625,833400
2024-06-13,99.99964969327603,100.40664019807376,98.88788553056098,100.26766967773438,708900
2024-06-14,99.62244925757976,100.24781662534932,98.77869747059128,100.00958251953125,918100
2024-06-17,99.3147345466347,100.65481186803507,98.99211843099366,99.8309097290039,925200
2024-06-18,99.86068132593589,100.86326087856452,99.55296196331072,100.47612762451172,999300
2024-06-20,99.6919289329439,100.35700320996007,98.82831993443578,99.54302978515625,1734400
2024-06-21,99.26509494610308,99.33458020963232,97.48824883776875,98.14340209960938,3259700
2024-06-24,98.72905994982945,99.98973086383019,98.19302754230064,99.01692962646484,1377500
2024-06-25,98.81839011744853,99.53309233148066,97.86543868542321,98.22279357910156,1040100
2024-06-26,97.6966969949446,98.1334658020453,97.47831259139426,97.65699005126953,1441300
2024-06-27,98.04413323850942,98.11858660545532,96.56508540976,96.89266204833984,1353600
2024-06-28,97.24039708237801,97.41824640985759,94.8458971692605,94.8558349609375,9333700
2024-07-01,95.40230090973832,95.67056824725955,94.30937871543274,94.83596801757812,1486900
2024-07-02,94.48821721880316,94.96513269917551,93.16677133099593,93.7430419921875,2085400
2024-07-03,94.11067457633214,95.26320844180681,94.03118739104004,94.71675109863281,1198600
2024-07-05,93.88214821042395,95.15888550521171,93.39530247956125,94.9850082397461,933100
2024-07-08,95.53145751717017,95.53145751717017,94.6173778021655,95.28306579589844,1204800
2024-07-09,95.44205059739699,95.75999175751346,94.81610607038134,95.08436584472656,838200
2024-07-10,95.0943017321506,95.61096084468245,94.59751820565499,95.19365692138672,1132400
2024-07-11,95.3923726319785,97.46892408523901,95.21353026344242,96.47535705566406,1976800
2024-07-12,97.52854087831558,98.989078008635,97.37950431145838,98.12467956542969,1052600
2024-07-15,98.36313823199976,98.71585787109959,97.3020078312048,97.37950897216797,1088600
2024-07-16,97.86635000063835,99.24740753127803,97.86635000063835,98.56184387207031,1111700
2024-07-17,98.85993178057569,99.17290785965244,96.8827352674526,97.4093246459961,1527500
2024-07-18,97.86635293040156,98.72578629303823,97.5484117824697,97.99551391601562,849500
2024-07-19,98.16441581941253,98.62145569805573,97.62788876701032,97.82659912109375,1011400
2024-07-22,98.30352382556626,99.11824848240916,97.4689235832579,98.88972473144531,930700
2024-07-23,98.27371276538481,100.22110311940692,98.23893428283998,99.79386901855469,971600
2024-07-24,99.67464414165869,100.14162185858692,98.32736445948674,98.66120910644531,1364100
2024-07-25,98.3929295093986,100.9364583636028,98.28363654329009,98.96920013427734,1687400
2024-07-26,103.3309826524582,107.16615242271509,103.3309826524582,104.19538879394531,3164700
2024-07-29,105.39758814594846,106.21032673233302,104.26492238347838,104.42388916015625,2195500
2024-07-30,104.4934433926058,106.80845640655366,104.4934433926058,106.37128448486328,1702100
2024-07-31,106.55012231912556,107.07273952827462,105.46713793416521,105.87449645996094,1486100
2024-08-01,106.03347879680202,106.6494855280657,105.0349390412411,106.01360321044922,1531200
2024-08-02,105.17900812287817,105.80495263310482,102.3870871486051,104.16556549072266,1698800
2024-08-05,101.90023336216719,103.0825805673879,100.95634770476046,101.33390045166016,1773500
2024-08-06,101.68164724309011,104.35434500660226,101.1053841208839,103.45020294189453,1612900
2024-08-07,104.44376806154006,105.91424300884199,103.29221969892895,103.55949401855469,1183700
2024-08-08,103.86749719969876,106.63955009565058,103.05277254636027,106.55012512207031,1173600
2024-08-09,106.0732154415847,106.40108679177918,104.97532056711547,105.4174575805664,1466900
2024-08-12,105.21874601244227,106.76374298885474,104.78157411008053,105.80494689941406,781900
2024-08-13,106.11296610018036,107.77222128768047,105.77514935464177,107.39466094970703,1061800
2024-08-14,107.37478640314953,108.18454594151504,107.1959440382441,107.81195831298828,771600
2024-08-15,108.80551661476669,108.81544682623944,107.60330153923721,108.26898956298828,1029700
2024-08-16,108.21931736533925,108.55713409192452,107.49003802472242,108.0206069946289,942800
2024-08-19,108.53725195834681,109.0688139174144,108.28886021978761,108.87506866455078,1113400
2024-08-20,108.87507802709275,109.19301917657683,108.52733107926875,108.69623565673828,927900
2024-08-21,109.29237539205549,109.43147417249291,108.63661750115196,109.11353302001953,1103600
2024-08-22,109.46127703877282,110.63368642841999,109.23276086859661,110.11703491210938,1223300
2024-08-23,110.78272316149882,111.42854324307724,110.2998495272555,111.06092071533203,874100
2024-08-26,111.27950369286611,111.49808964511317,110.1667059270242,110.31574249267578,947600
2024-08-27,110.21638871537395,110.69330421548153,109.72954300299361,110.43497467041016,978500
2024-08-28,110.94170937392096,110.97151517497034,110.26608342231096,110.54428100585938,1279100
2024-08-29,111.03110191222751,112.04453682253119,110.54425625004434,111.09071350097656,1375600
2024-08-30,111.25963920224656,111.93526508493315,110.41013605742235,111.70674133300781,2254600
2024-09-03,110.38529763874597,111.49809546264935,108.91482265105705,109.55070495605469,1369900
2024-09-04,109.44140797861789,110.88207711508669,109.44140797861789,110.13690185546875,1108700
2024-09-05,109.49108036899925,110.0276074586425,108.59687613324176,109.1433334350586,1148300
2024-09-06,108.88500544556511,110.0474846131963,107.38472471197814,108.0206069946289,2043500
2024-09-09,109.4116042419152,109.49108384339897,108.48758659937195,108.78565216064453,2033600
2024-09-10,109.13339096913889,109.41159608469243,108.43789713104081,109.01416778564453,1312400
2024-09-11,108.61674514194421,109.15327223654707,106.92768425843923,108.2491226196289,1307100
2024-09-12,108.13983055300184,108.88500581617407,107.74240981022848,108.59687805175781,1409400
2024-09-13,109.2923649674447,110.05740818687852,108.59687113159576,109.3122329711914,1163100
2024-09-16,109.81896505760719,110.85724080779352,109.05392176281595,109.25263214111328,1494100
2024-09-17,110.30580270380278,110.77278039691248,108.1398263857701,108.23918914794922,1123300
2024-09-18,108.34849200751296,108.87010865497177,106.76871642456736,107.39466094970703,1749600
2024-09-19,108.75584742438458,108.89494620373284,107.81494083110918,108.76578521728516,1487200
2024-09-20,108.63661665052251,109.05689963265795,107.85170535862085,108.76578521728516,8340500
2024-09-23,109.6103056088658,110.47471158418492,108.52036254354933,109.54075622558594,2085800
2024-09-24,108.92475454847757,111.16028044352572,108.64655698327755,110.6833724975586,1340200
2024-09-25,111.13047045996325,111.13047045996325,109.96799885758526,110.32568359375,1452000
2024-09-26,110.6833634573407,111.55769967374457,110.11305091494661,110.56413269042969,1134100
2024-09-27,110.71330058208908,111.25026201231894,108.94332082306352,109.67916107177734,1834400
2024-09-30,109.52999562643726,111.38946502425551,108.77228369580416,111.2303695678711,1523400
2024-10-01,111.91648721774894,111.98111619021005,108.6400281834233,109.4106674194336,1805900
2024-10-02,109.18196036646394,110.90221828730648,108.99799653639916,110.65362548828125,1143100
2024-10-03,110.51442275450847,110.97183263004634,109.82929797302555,110.68346405029297,1149200
2024-10-04,111.27013801480393,111.65794217316076,110.21609939143012,111.38945770263672,952200
2024-10-07,110.30559676974116,111.15081076670643,110.1564395734649,110.4945297241211,1516600
2024-10-08,111.26020014858308,111.92145794967489,110.53431337410231,111.54856872558594,1497800
2024-10-09,112.11535780738204,112.86113624069057,111.4789608178748,112.30429077148438,988200
2024-10-10,112.30428942577736,112.65231783986091,110.93702898109517,111.22042083740234,773500
2024-10-11,111.53862197280702,113.53731032171719,111.49884621219009,112.49321746826172,1365600
2024-10-14,112.841246186533,113.33843178244635,112.55287763052922,112.65231323242188,971900
2024-10-15,113.25889187427732,113.96489458245861,112.16508496845348,112.24462890625,1030300
2024-10-16,112.4534413963832,113.18928158608391,111.76733039037929,111.88665008544922,961200
2024-10-17,112.27445625082602,112.76666514132745,111.45906458080297,112.3937759399414,1190500
2024-10-18,112.45343983271516,113.05006864557109,111.44913034307206,112.9605712890625,3872200
2024-10-21,112.2346920058616,113.05007617308033,111.70568119105751,112.43356323242188,960700
2024-10-22,111.52868670727769,111.886653389509,110.63375103557237,111.1607666015625,875600
2024-10-23,111.28008249324498,112.43354911810624,109.60356806972769,110.30559539794922,1426400
2024-10-24,113.90522848105915,114.35269250410371,105.035431261995,105.19453430175781,2922200
2024-10-25,105.8011035229886,106.37784067421894,103.09044953323688,103.4643325805664,1538000
2024-10-28,104.13055266059997,104.57801666336756,103.34996763173079,103.41460418701172,1298500
2024-10-29,103.01685977671686,103.20579274150326,101.95288284480242,102.90747833251953,1472500
2024-10-30,102.59922229586068,103.40466055257191,102.00260108398385,102.65888214111328,1106100
2024-10-31,102.42024546656147,103.05664250137936,101.59491545418946,101.61480712890625,1117500
2024-11-01,102.33075057118874,102.6091733116887,100.6104849438844,101.01817321777344,1117800
2024-11-04,101.49547270522197,102.20147537901723,101.14744428665395,101.85344696044922,960900
2024-11-05,103.39472214319586,105.10503425821824,102.40532005439795,103.02680206298828,1228100
2024-11-06,105.10504660389556,105.18459813108734,101.31649426218819,102.4103012084961,1879200
2024-11-07,102.43018889514374,104.01621231943744,102.41527393268244,103.71292877197266,1406500
2024-11-08,104.2797140978716,105.77127094968932,104.01122961613216,104.95588684082031,1208400
2024-11-11,105.3337465722609,105.40335225614184,103.46433135770815,103.80241394042969,1076200
2024-11-12,104.38909558201411,105.24424786452786,103.06658001879612,103.166015625,867700
2024-11-13,102.47990582311422,104.71724129336701,102.40036188320808,104.24988555908203,1103900
2024-11-14,103.56376429084689,104.359256716594,101.34134400271243,102.52961730957031,1320100
2024-11-15,101.87332680752013,102.39040408197317,101.52529840343647,102.10203552246094,1135600
2024-11-18,101.744061597018,102.61910552805794,101.61479607122979,102.2611312866211,1158900
2024-11-19,101.69434053588772,103.69302879665966,101.6645106133531,103.39472198486328,1531200
2024-11-20,103.89191278871753,104.62774539836953,102.67380192364313,104.51836395263672,1374300
2024-11-21,104.29959346770524,105.82098017392443,103.2952764420275,105.41329193115234,1317000
2024-11-22,105.56244998622682,106.8352439054134,104.91113047913431,105.81104278564453,1748600
2024-11-25,106.12925028067183,107.94894396128251,105.81105177384556,107.86940002441406,4014700
2024-11-26,108.16770192074243,108.34569522180462,107.32248788678791,107.3523178100586,1369000
2024-11-27,107.55119186544766,108.1577513135819,107.24293163686288,107.36225891113281,675100
2024-11-29,107.451751056654,107.93402170280652,107.15344424404802,107.58102416992188,586300
2024-12-02,107.39208398959747,107.39208398959747,104.98570763205998,106.02979278564453,1060900
2024-12-03,106.04969629883541,107.12361907939669,104.89622199679908,106.6761474609375,1053500
2024-12-04,106.55682824652153,107.3423748686716,106.31817368101831,106.914794921875,1085300
2024-12-05,106.32811003891749,106.73579827568554,104.49846313208894,104.69734191894531,1075100
2024-12-06,105.01555436360336,106.0795313588827,104.65758008608404,105.93037414550781,1003400
2024-12-09,106.4275545132667,106.54688179533028,104.78684042053312,106.14913177490234,1050900
2024-12-10,105.93036431728181,106.55682303804323,104.17033060481707,105.79115295410156,716400
2024-12-11,106.08946512926636,106.64631057031444,104.22998826512344,104.75700378417969,1183000
2024-12-12,104.40898011244252,105.9601968178775,103.97145433954528,105.19453430175781,859400
2024-12-13,104.91610922605814,105.1647020302991,103.61347777304933,103.63336944580078,756300
2024-12-16,103.98140841226304,105.34369984894666,103.35495721309084,103.64332580566406,1247200
2024-12-17,103.10635612274012,103.88196447475008,102.02248752808356,102.87764739990234,2706400
2024-12-18,102.89753727331711,103.15606832849818,100.59059634436454,100.66020202636719,2211700
2024-12-19,100.49115145179225,101.94293249930469,99.43712040318259,100.75963592529297,1738600
2024-12-20,100.78947555820505,103.9515765951388,100.72981570787925,103.6632080078125,4807300
2024-12-23,102.5196690921821,103.40465885231197,101.6247334958569,102.31085205078125,949100
2024-12-24,102.27108134070812,102.90747833251953,101.75401162978031,102.90747833251953,277500
2024-12-26,102.2810374288984,103.49417168689568,102.17165597373791,103.28535461425781,580100
2024-12-27,102.32080315118795,103.08646567571627,101.86339328652224,102.53956604003906,608800
2024-12-30,101.78383467039306,101.92304602878467,100.5219804338113,101.43580627441406,528600
2024-12-31,101.71453064881325,102.08284788892836,100.8773583286209,101.38603210449219,644000
2025-01-02,102.08285312309228,102.08285312309228,99.69378441543128,100.13177490234375,1315200
2025-01-03,99.83314143193275,100.73401759410739,99.34537569668012,100.3408203125,903000
2025-01-06,100.23132017387218,100.94804150794772,99.53450439034778,100.7091293334961,1180400
2025-01-07,100.54987429342526,101.49454885105568,99.86301499951114,101.18695831298828,1313500
2025-01-08,101.18695050460748,101.58512988476787,99.74355120085609,101.53535461425781,1034900
2025-01-10,100.43040698197684,100.75492593767159,99.375238116346,99.64400482177734,1272100
2025-01-13,99.6639101638814,100.89825926803532,99.31549849887291,100.67926025390625,1370200
2025-01-14,100.36072902368221,102.02311976173901,100.0222814890723,101.90367126464844,996100
2025-01-15,103.7253251228151,104.30268481820796,101.8737975442377,102.08284759521484,1718100
2025-01-16,102.24211950152944,103.98414764603875,101.55526025998098,103.57601928710938,1369700
2025-01-17,103.77510705535913,103.95926188939315,102.43125826709546,102.47107696533203,1372700
2025-01-21,102.34166093245702,103.07829543365318,101.59507745300895,102.6203842163086,1761300
2025-01-22,102.69007348361731,102.95386570763898,101.96339554928593,102.24211883544922,1190400
2025-01-23,102.28194028726035,103.21766071141406,101.63489973001874,102.79956817626953,1680100
2025-01-24,102.39144325671896,102.64030443368073,100.84850092169987,101.2864990234375,1441500
2025-01-27,101.47563232072827,102.90906748443103,101.29645197593541,102.80952453613281,2060300
2025-01-28,102.84934705809579,104.00406656627757,102.1326256522782,102.97875213623047,1265900
2025-01-29,102.91901836058008,103.52624018461874,102.16247832503953,102.38147735595703,891700
2025-01-30,103.15793118839265,103.9244278578758,102.52084719005461,103.3769302368164,881500
2025-01-31,103.19774489289809,104.2230516657665,102.87920290914636,102.91902160644531,994900
2025-02-03,101.55525573275318,102.12265885645637,100.03222669516249,100.7091293334961,1484400
2025-02-04,101.73443264649403,102.90905755015761,100.34081631557062,100.5199966430664,2065500
2025-02-05,100.23132521491753,101.53535528883243,95.08487055237087,95.37355041503906,2627800
2025-02-06,95.57264626191001,98.04134482586616,95.19437242132301,97.9915771484375,2281000
2025-02-07,97.88207697715464,98.7779787059779,96.24954831336123,98.3598861694336,2183000
2025-02-10,98.80784207345289,99.92273526588119,98.04134540901816,99.32546997070312,1461500
2025-02-11,99.1462889487391,99.66392443711098,97.8323022704231,99.35533142089844,938500
2025-02-12,98.35988876124873,100.05214931464876,98.05130333332724,99.60419464111328,1205900
2025-02-13,99.81322875211218,100.09195962533902,98.10107038441443,99.29560089111328,1576400
2025-02-14,99.53450651019521,99.53450651019521,97.53366827036753,97.54361724853516,974500
2025-02-18,97.45402526855469,97.93183441085613,96.54816706120582,97.45402526855469,2388300
2025-02-19,97.22507455519549,97.67302919255741,96.37894814414267,97.23503112792969,1195600
2025-02-20,96.96627114298909,97.47394246802902,96.20973105018093,97.27485656738281,1114800
2025-02-21,96.88663179055514,97.8820764629875,96.15995383803785,97.70289611816406,2816500
2025-02-24,98.15083855693142,99.82318583158357,97.49683374673802,99.61414337158203,1592900
2025-02-25,100.16165093492447,101.78422310213982,98.94720715562931,100.19151306152344,1990600
2025-02-26,100.68922556161952,100.99781096577111,98.93724089122381,99.26573944091797,1237700
2025-02-27,98.93723810491086,100.29104336736657,98.53905874631101,98.70829010009766,847800
2025-02-28,99.09652240581862,100.02228627577405,98.49924951322262,99.3055648803711,1947800
2025-03-03,99.35532248130352,100.97291994630032,98.5291092403389,99.41505432128906,1009600
2025-03-04,98.99696858315657,100.30100625453571,98.30314505126067,98.4295654296875,1281500
2025-03-05,97.55356748451474,99.1562338436172,97.1971966286272,98.17074584960938,1427100
2025-03-06,97.78252266593628,98.11101359946717,96.70744071627347,97.50379180908203,1175100
2025-03-07,97.13549474506355,99.81323579879712,96.85677144679896,99.66392517089844,1444800
2025-03-10,99.30555980838605,101.9733517579962,98.55897632541277,99.87296295166016,1437300
2025-03-11,100.13177112609421,100.13177112609421,96.47849117714573,96.54817199707031,2197400
2025-03-12,96.81694282484568,97.3246140969495,94.92559658736074,94.99527740478516,1373900
2025-03-13,94.54733891536408,95.43328407174963,93.92020390727441,95.2939224243164,1368100
2025-03-14,96.33912349426696,97.87210903108854,95.6761570514388,97.50379180908203,2056800
2025-03-17,97.23503681561236,98.68838513958792,96.96627009318574,98.00152587890625,1189300
2025-03-18,97.73275356268346,98.07120108967463,96.88662715056576,97.91193389892578,1315800
2025-03-19,98.0015155390585,99.29559652663482,97.87908235713473,98.80783081054688,1021200
2025-03-20,98.66847117547682,98.82773836176288,97.5137517976847,97.69293212890625,1061800
2025-03-21,96.98616795897533,97.34950311251467,95.59254399606439,97.32461547851562,2879700
2025-03-24,98.1110220259384,99.32546571101375,97.50380018340073,97.81239318847656,1094000
2025-03-25,98.18070660683723,98.37980010074175,96.39885970825314,97.30471801757812,1201900
2025-03-26,97.56352857414213,98.59879188224971,96.92644462986664,97.28480529785156,1489900
2025-03-27,97.57347396946354,98.22549654605076,96.7173986214211,97.4440689086914,947700
2025-03-28,97.25493501303406,97.78252703395378,95.49300140124586,95.60250091552734,834900
2025-03-31,95.58258122086227,97.74517133985607,95.17397725007645,97.11731719970703,2346400
2025-04-01,96.71867419029446,97.76508492665164,96.42966333834408,97.28672790527344,1380100
2025-04-02,96.80836574183463,98.4427662125679,96.10079057735176,98.34310913085938,790900
2025-04-03,96.8183421135736,97.80496023360125,93.41001944195183,93.57943725585938,1780500
2025-04-04,92.50312143590402,92.50312143590402,88.37725559293555,88.51677703857422,2531500
2025-04-07,87.52018964860778,89.66285125124507,83.71323110943185,86.81261444091797,2395200
2025-04-08,89.25424755192813,89.69274786344313,83.95240987124521,85.02872467041016,2034200
2025-04-09,84.59022286700325,91.4866042485301,83.57868861442907,90.81888580322266,2080600
2025-04-10,89.62298282378843,90.22592072307445,86.26448513393956,88.39717864990234,1722700
2025-04-11,88.42708774886144,90.24087414160755,87.27104422651742,89.31404876708984,2132300
2025-04-14,90.22094055346521,90.9883161265167,89.58312604262564,90.37042999267578,1235500
2025-04-15,89.99172672373969,90.80892701118458,89.68277986640246,89.7525405883789,1212900
2025-04-16,89.6329578126017,90.41527396084985,88.5965073383285,89.02503967285156,1493700
2025-04-17,89.62298190795465,90.06148219386355,88.92537472887047,89.23431396484375,1691500
2025-04-21,88.15799848879574,88.4968416896134,86.03527300166739,86.90229797363281,1571200
2025-04-22,87.82913840240064,89.37385004202004,87.05180238883449,88.87555694580078,1478800
2025-04-23,90.25084326105988,91.7257941730896,89.48546731495192,90.24088287353516,1672800
2025-04-24,90.14120665100248,91.64107354685211,89.69274596252914,91.42680358886719,1455600
2025-04-25,90.85875027532553,92.13437922976891,90.21096780845555,91.99485778808594,1418300
2025-04-28,92.27389766412877,92.68250158956079,90.66940113706713,91.75567626953125,1172200
2025-04-29,91.60619002779934,92.91172295402606,91.27731479882517,92.7721939086914,1922700
2025-04-30,91.43676779393157,95.7420191178062,87.96864508145157,95.57260131835938,3141100
2025-05-01,95.96625540726885,96.55922534547325,93.21667932065239,93.88837432861328,1421200
2025-05-02,94.9148541816013,95.6622937262559,94.2770397117639,95.20386505126953,1207600
2025-05-05,94.83513001897528,95.84167643225979,94.29198485548645,95.36331939697266,1262100
2025-05-06,94.85506853745069,96.1207295821465,94.5560896559137,95.03445434570312,1157300
2025-05-07,96.38980169464125,97.70529494541944,95.1639975366364,95.76194763183594,1500500
2025-05-08,96.38980547174275,98.07403835551001,95.82175171854139,96.94789123535156,1145800
2025-05-09,96.96782381706299,97.87471315115253,96.50938755204857,96.7286376953125,1427900
2025-05-12,98.52250497199556,100.10707326188167,97.6554723056332,99.98748779296875,1329700
2025-05-13,100.10707480694747,100.61533586771816,99.1005282791011,99.90776062011719,1456200
2025-05-14,99.90774912454883,100.00740620649724,98.7616736737722,99.12044525146484,1482200
2025-05-15,99.20017238442284,100.66515503619932,98.73975165491672,100.5854263305664,970400
2025-05-16,100.64523085342351,101.41260642921561,100.05426057194559,101.3528060913086,691600
2025-05-19,100.87444341142417,102.19990471181758,100.68010943154304,101.84113311767578,832200
2025-05-20,101.69164313252426,102.309529230926,101.32290355073395,101.67170715332031,1020600
2025-05-21,101.07375988131396,101.54215656227366,99.71840218450023,100.14693450927734,1063400
2025-05-22,99.7582609554262,100.98406512852769,99.50911444574564,100.63526153564453,1096000
2025-05-23,99.60877389136915,100.55553521261845,99.06065611908106,100.11703491210938,1065200
2025-05-27,101.11362017542857,101.30795415191879,99.84795923170856,101.14351654052734,1387000
2025-05-28,101.05383010841017,101.30297662859691,100.21171365364326,100.416015625,882200
2025-05-29,100.80468193652442,100.92925519457663,99.75826352754648,100.89437103271484,1037600
2025-05-30,101.32291126353111,101.372743611986,99.95759311471403,100.68509674072266,3079300
2025-06-02,100.20673509194845,100.57048688840591,99.16031664878766,99.93765258789062,1100800
2025-06-03,99.54898308583994,100.33628700273013,99.28986857567836,100.01737976074219,775600
2025-06-04,100.05724135499486,100.05724135499486,98.57233026328349,98.58229064941406,980500
2025-06-05,99.15034900003982,99.72837076307654,98.29328434542637,99.3297348022461,866900
2025-06-06,100.0074096789045,100.3462528933118,99.28488630550648,99.92768096923828,487000
2025-06-09,100.15689828239164,100.15689828239164,98.9809264362356,99.37956237792969,693300
2025-06-10,99.65860061973947,100.02833621780289,98.96099345674044,99.61873626708984,600900
2025-06-11,99.52905424987408,99.62871133690709,97.69533191440358,97.87471771240234,884800
2025-06-12,97.67540076731268,98.41287231445312,97.11232721669529,98.41287231445312,1240600
2025-06-13,97.67540931808198,98.52250601301034,96.72366773340036,96.98776245117188,825500
2025-06-16,97.47608624752223,97.8647542271843,96.61902157356258,97.4461898803711,841100
2025-06-17,97.2767710247276,97.88468916146634,96.65888489792876,97.10735321044922,1031100
2025-06-18,96.95785258637096,97.58569902744308,96.51935231450281,96.69873809814453,806100
2025-06-20,97.01765881156737,97.66544132058797,96.2502908323791,96.3997802734375,3237100
2025-06-23,96.37984153304043,98.28332464775784,96.13069500619356,98.11389923095703,1556700
2025-06-24,98.4527371003908,100.07716962977541,98.1039335024675,99.96754455566406,1490300
2025-06-25,99.65860800905931,100.26652612618244,99.07062587141309,99.8280258178711,1342200
2025-06-26,99.78816220181939,101.4873433057705,99.58884802566345,100.77478790283203,1469800
2025-06-27,101.14351701780828,101.56208894121089,100.48577417248687,100.7249526977539,2287500
2025-06-30,100.90454118677572,101.53307177990102,100.16127283814606,100.71498107910156,1543000
2025-07-01,100.42565904275085,102.93978893007893,100.16126898145421,102.36113739013672,1055900
2025-07-02,102.26137312479605,103.18920832688147,101.66775710684453,102.59060668945312,910300
2025-07-03,103.48851090938874,103.68804224738346,102.02193197906634,103.50846099853516,478700
2025-07-07,103.42865080075904,103.80777101896282,101.89123793709781,102.48086547851562,714800
2025-07-08,101.92216396286894,103.78780552621629,101.73260386799654,102.09176635742188,933200
2025-07-09,102.2813280573275,102.31126461050428,101.32356386976574,102.13168334960938,833100
2025-07-10,101.98202273744458,103.8376930785844,101.7974558718451,102.88990020751953,1147800
2025-07-11,102.51079395028611,102.51079395028611,101.28365408964592,101.69270324707031,734600
2025-07-14,101.49316724419462,102.20649900971033,101.08212385777844,101.96206665039062,849200
2025-07-15,101.82239756101256,102.29130459896463,100.68505213823364,100.71498107910156,895500
2025-07-16,100.73493678397848,100.76486572425314,99.33819454864246,100.27600860595703,1256500
2025-07-17,100.23609862265955,102.85997302166379,99.96672294281377,102.7402572631836,1155400
2025-07-18,102.61056150176053,103.32888654438939,102.07681095112832,103.09941864013672,1863900
2025-07-21,103.15927394513257,103.61820209667373,101.82238966748449,101.87227630615234,1708000
2025-07-22,101.99200130851199,102.98967320481829,101.26369747509007,102.30127716064453,895700
2025-07-23,102.24142880571327,102.7602148909958,100.95443102620676,101.57298278808594,1432500
2025-07-24,101.7525602815435,103.14930253705884,100.86762422469111,103.02957916259766,1450800
2025-07-25,103.17923187557128,103.40570840284269,102.51079349175998,103.03955841064453,1019400
2025-07-28,102.27135491838759,103.3687925538587,101.55302988814962,102.85997772216797,2086400
2025-07-29,104.75555537314807,106.05253196051643,101.99200740432734,104.78548431396484,2225100
2025-07-30,106.39173566472245,106.75089817405176,104.50613629656002,105.53373718261719,2071400
2025-07-31,104.74557631337105,106.60623998785317,104.26669803799216,104.58595275878906,1963500
2025-08-01,104.21680826186325,104.58594961391054,103.14929960770776,104.50613403320312,1297900
2025-08-04,104.62585979336532,106.81075618078536,104.18688170108327,106.70101165771484,1083000
2025-08-05,106.68106152634839,107.14996855898833,106.00264429837348,106.31192016601562,1324100
2025-08-06,106.55137247053004,107.48917897308687,105.71332403385024,107.22978973388672,1081800
2025-08-07,108.03788861330655,108.2573776443913,106.77084106536546,107.28963470458984,802000
2025-08-08,107.30959106417485,107.93812925567318,107.17989645260563,107.44926452636719,523000
2025-08-11,107.5689888214043,108.18754816758398,106.83071371325191,106.89057159423828,1203300
2025-08-12,107.22978090819447,108.68638099253069,106.76087388969344,108.55667877197266,1074200
2025-08-13,108.75621649868265,109.55434945572787,106.85065950648986,109.49449157714844,1211200
2025-08-14,109.03556567141722,109.03556567141722,107.1200374008955,107.4193344116211,957200
2025-08-15,107.53905733357749,107.6188729140906,106.7908033924407,107.020263671875,1130100
2025-08-18,107.24973169474528,108.00796448728623,106.36180429243568,106.44161987304688,998800
2025-08-19,106.65112443723795,108.12767454248878,106.43163540795227,107.84832763671875,977100
2025-08-20,108.24739923889594,108.98567430060461,107.94809462952713,108.65644836425781,1264100
2025-08-21,108.36712820352915,108.77616973839088,107.79845550565507,108.21747589111328,646600
2025-08-22,108.74623697507197,109.85365339173038,108.20749323629498,108.89588928222656,1108500
2025-08-25,108.69635578324684,109.0455470546529,106.75089852763011,106.90055084228516,556100
2025-08-26,106.81075483812982,107.42931417751237,106.34184781120159,106.86064147949219,1167900
2025-08-27,106.92050193493223,107.5689902300975,106.56133942104479,107.12004089355469,597100
2025-08-28,107.13000848970786,107.16991628007526,105.90287628534966,106.25205993652344,523100
2025-08-29,106.1223684264928,106.55136767093283,105.68339033126124,105.94278717041016,716500
2025-09-02,105.4140170456061,105.72329290016881,104.14696946482697,105.03489685058594,887700
2025-09-03,104.53606028346742,105.29429305741407,103.75787742067358,104.82538604736328,1030300
2025-09-04,105.3242210710802,106.35182189941406,104.63582503159607,106.35182189941406,1088500
2025-09-05,106.5314063545601,106.7708454840014,105.21447972518389,105.46389770507812,965200
2025-09-08,105.46389864566218,106.70100970571362,104.76553134038302,106.65113067626953,910300
2025-09-09,106.22213436623342,106.44162341440034,104.51611623498097,104.78548431396484,866100
2025-09-10,104.7555481155986,105.80310664140757,104.57596687150657,105.76319885253906,924500
2025-09-11,106.23210521517308,109.02558191439343,106.23210521517308,108.84600067138672,1188900
2025-09-12,109.19518920517513,109.60423834822826,108.24241830112987,108.77616882324219,1253200
2025-09-15,108.88591853845693,109.27002437936919,107.49915510473716,107.54904174804688,1592600
2025-09-16,107.34949911898225,107.79845605853248,105.7542226627373,106.2919692993164,1651700
2025-09-17,106.73094760071551,108.33719242307471,106.01262258531125,106.49150085449219,2808400
2025-09-18,107.35947546698938,107.70865911518901,106.53140595009263,106.81075286865234,1490800
2025-09-19,107.33951913100678,107.74856827526513,106.17224480148327,106.65113067626953,3165200
2025-09-22,106.38175070982065,106.81574315714357,105.44892992997745,105.57363891601562,1353100
2025-09-23,105.55369484201515,105.98269408289697,104.42632067254536,105.14464569091797,879100
2025-09-24,104.74556957895014,105.44394446879032,104.097081328253,105.38407897949219,1548300
2025-09-25,105.7532290578811,106.40171736216642,103.81774299600484,104.24674224853516,1127600
2025-09-26,104.41635012654372,104.96506513304121,103.07946575311368,104.38641357421875,1132300
2025-09-29,104.32655808646723,105.54371911342231,104.11206226549771,104.83537292480469,1292700
2025-09-30,104.48582103479923,106.52320552127192,104.48582103479923,106.4732666015625,1652600
2025-10-01,105.82410010389475,106.19362830351089,104.71053228046442,105.90399932861328,1845000
2025-10-02,106.34343442596406,106.77288322212272,105.41462691890506,106.32345581054688,1221900
2025-10-03,106.08376814476495,107.76161375584807,105.87403839583072,107.0025863647461,1134500
2025-10-06,106.87774798016173,107.2213085528905,105.36469164338239,105.96392059326172,1084200
2025-10-07,105.98389292809465,106.41334171365139,99.76188019125284,104.70552825927734,2437200
2025-10-08,105.07506250132093,105.07506250132093,103.56699701113729,103.86661529541016,1118000
2025-10-09,103.64689655135425,104.08633467106132,102.34856842797986,102.73806762695312,1288400
2025-10-10,102.73806681514283,103.09260724287904,101.26995094463989,101.73934936523438,1883100
2025-10-13,102.03895783222495,102.61322492532786,101.30989837646484,101.30989837646484,1093900
2025-10-14,100.91041335274255,102.0289796541056,100.69069429179538,101.85919189453125,1453200
2025-10-15,102.1887691698494,102.58325920993508,100.76559375588606,101.73934936523438,1014800
2025-10-16,101.86917778622244,102.00400677266539,100.74062983419913,101.779296875,1189700
2025-10-17,101.95905788253286,102.76802417511561,101.67143287323248,102.62820434570312,1075100
2025-10-20,102.77801419710002,104.0863315898132,102.60822644339697,103.84664154052734,902700
2025-10-21,103.81667406675884,105.49451965824386,103.3572649621344,103.6568832397461,1347300
2025-10-22,103.74676171901622,104.65559821875138,103.14753279745052,103.6668701171875,1000000
2025-10-23,103.57698067914198,105.02512548145963,103.18748150256219,104.7354965209961,1245100
2025-10-24,105.17492711066494,105.6143652055872,104.04637919006167,104.51577758789062,919900
2025-10-27,104.4358776042428,105.07505612694698,103.66686856335494,103.98645782470703,1032900
2025-10-28,103.447154901463,103.51706481790947,102.058938260876,102.39849853515625,1421900
2025-10-29,101.72935683435723,102.36354452844806,95.71707370940213,99.37238311767578,3095800
2025-10-30,99.42232155842893,100.61079009911978,99.28250173011237,100.25125122070312,2112200
2025-10-31,99.69197353972149,99.99159181651083,98.51348666775101,98.55343627929688,2074800
2025-11-03,97.93422652714403,99.12270268017369,97.03538695621012,98.81310272216797,2036800
2025-11-04,99.34242170147786,99.801830794382,98.34370429439693,99.50221252441406,1442100
2025-11-05,99.7818655404773,100.16137543394638,98.90298929512429,99.7918472290039,1902300
2025-11-06,99.44229496828206,100.47097270998877,98.17392717501488,98.39363861083984,1383700
2025-11-07,98.62334797033039,99.05279677766912,97.74447935932507,98.48352813720703,1669900
2025-11-10,98.63333852758856,98.87302858460603,97.56471114969084,98.13397979736328,1526900
2025-11-11,98.13397827092044,98.4635492368395,97.53474932789281,97.76445007324219,1735900
2025-11-12,97.98416992325974,98.62334848361007,97.38494097538249,97.60466003417969,1540500
2025-11-13,97.43486870422072,99.12270357618588,96.88557869697463,98.43358612060547,2049300
2025-11-14,98.86303479654855,99.35040785889629,97.71450824515378,98.65330505371094,1546900
2025-11-17,98.64332067430114,99.02283818758542,97.62463221253765,97.94422149658203,1698900
2025-11-18,97.40491020187854,98.238838345626,97.07533161967147,97.67456817626953,1652700
2025-11-19,97.4848119241485,98.45356907992308,96.98545319392322,98.13397979736328,1529300
2025-11-20,98.70324796391884,99.1826280756171,96.94550310860309,97.16522216796875,1565200
2025-11-21,97.55472211130902,99.51220742485091,97.3350030502649,98.85305786132812,2183800
2025-11-24,98.51348836217015,98.7182272675107,97.33500146992985,98.01412963867188,4783700
2025-11-25,100.54587745418229,104.19618833790221,100.54587745418229,103.82666015625,2780600
2025-11-26,103.73678532248496,103.73678532248496,100.81054285964034,101.1401138305664,1708300
2025-11-28,101.54958854662276,101.8492068233468,100.92039930903343,101.09017944335938,759700
2025-12-01,100.29120224493855,101.81923868993846,100.02155189213063,100.84049987792969,1438800
2025-12-02,101.28991610808977,102.33857241794911,100.83050702194072,101.66943359375,2030000
2025-12-03,101.9091303607173,103.22743710090744,101.88915174456969,102.0489501953125,1074700
2025-12-04,102.37852387952671,103.95649159714719,102.34856357635044,102.7580337524414,1953800
2025-12-05,102.5083565404791,103.23742361796626,101.46968949755963,102.02897644042969,962900
2025-12-08,101.8092574128323,101.8092574128323,99.27251422228362,99.49223327636719,1519500
2025-12-09,99.43230187291817,99.58211100679057,98.06406391191942,98.28378295898438,1381400
2025-12-10,96.79568888633239,98.24383369269138,96.79568888633239,97.62462615966797,1692300
2025-12-11,97.93423180599802,99.23256755338859,97.67457075220753,98.60337829589844,1489200
2025-12-12,99.4622655097314,99.4622655097314,98.0440885833684,98.5833969116211,1276200
2025-12-15,99.22257493359837,100.34114119585672,98.54344677787174,100.15138244628906,2257000
2025-12-16,100.7106615883364,100.94536079303357,98.29376724593281,99.21258544921875,2202900
2025-12-17,98.89299888761516,100.30119415438686,98.52846915059796,99.92168426513672,2789200
2025-12-18,100.08147536255974,101.61451031510315,99.76188608138851,100.64075469970703,1972500
2025-12-19,100.31118175658526,100.69069163938171,99.34242462407897,100.46098327636719,5885600
2025-12-22,100.36111091145749,101.92909694840432,100.04152164340493,101.87916564941406,1637100
2025-12-23,101.92909626144254,102.5582931052746,101.12013759892606,102.50835418701172,1293300
2025-12-24,102.35854628340446,102.58825464272475,101.66943644466207,102.15880584716797,616700
2025-12-26,102.32858767240258,102.58825633949223,101.0801908762534,101.61949920654297,801100
2025-12-29,102.06891879769103,102.41847599558922,100.96534029912121,101.36981964111328,1826000
2025-12-30,101.09017590186197,101.5395956815942,100.92039577348393,101.22999572753906,846400
2025-12-31,101.13999938964844,101.48999786376953,99.69999694824219,99.77999877929688,866200
2026-01-02,99.22000122070312,99.6050033569336,97.9000015258789,98.5,1124400
2026-01-05,97.95999908447266,99.94999694824219,97.5,99.19000244140625,1210700
2026-01-06,98.38999938964844,100.08000183105469,98.19999694824219,99.94000244140625,1139300
2026-01-07,101.0,101.4800033569336,100.0,100.30999755859375,1107700
2026-01-08,100.06999969482422,102.1500015258789,100.06999969482422,101.73999786376953,1108100
2026-01-09,101.7300033569336,102.98999786376953,101.2300033569336,102.7300033569336,1183700
2026-01-12,102.30000305175781,103.08000183105469,101.55999755859375,101.9000015258789,1138900
2026-01-13,101.87999725341797,101.91000366210938,100.52999877929688,101.7699966430664,1121300
2026-01-14,101.44999694824219,102.36000061035156,100.95999908447266,102.30000305175781,1572700
2026-01-15,102.72000122070312,103.08999633789062,101.92109680175781,102.47000122070312,191386
